# db18 scaling coefficients
h[0]=0.03807794736387834658869765887955118448771714496278417476647192484826804797477483799844457914835180503585547822199688144951188353118156711448651114364204020406229928828875
h[1]=0.24383467461259035373204158164928441552636110856092313614290881035764194651855442606871447332109478805991104733843748470183319166293945033467912388301281848628477354833143
h[2]=0.60482312369011111190307686743423617089595627118961175653337135326621948136502448776167693449091871122303225307794098542034980793849965707617187357364912469550240352290098
h[3]=0.65728807805130053807821263904517321403058586692459188544360340655884492159859974554160586634688698748999676858151812887297260597112023463888461613499198406024366659384339
h[4]=0.13319738582500757619095494589979555369217807684336611361543468378391202934822846188259349883569395769981395665922742438438127374507332563116923342473151625971239489588801
h[5]=-0.29327378327917490880640319524219873104389616285899068257251128264977749450768893086783079261864749467340769081438303211079073723778176367964143566344015584351831118585417
h[6]=-0.096840783222976460513508133537696602248254581045990996794712676084296381974159140825729619102907748096339337039335677649530182726922819570143992919456390563808665888223763
h[7]=0.14854074933810638013507271750604230247912585772806030607716493946005155865696467662431898806572044427517558967256617991541513903509666426114106861079758280448217580448952
h[8]=0.030725681479333379212317400720378827141058050246707447815030605058074470870123335361452148895967469221560199132979571668896604663092317457641708269644662638520589909584594
h[9]=-0.067632829061329973675642274829719015925787908713537399007483312098453778674116320831492663802116403943732343708692586350987427978041744526751753122838405265233764475267779
h[10]=0.00025094711483145195758718974998855433151762719937096333218341646914339924456597463606181478730828058878761855573993891764147177903574911441340071913145073427345074713765741
h[11]=0.02236166212367909720537378270269095241855646688308853754721816233651533390016303214348233158953084076674607123777541828016116058638341826515120120537209296275221392979269
h[12]=-0.004723204757751397277925707848242465405729514912627938018758526856578457396814256258441945428792517650660692722647720794646036075023496610726744359253086311792853904774617
h[13]=-0.0042815036824634298344967950023145318764811818114632883748604550376910299936129766226914448452984737939557084313732286824345310944853679565865420467138170549753930775163812
h[14]=0.0018476468830562264766191294911256770511210813596003181607325150457467472311367967140391815497869882662586142201064954365460196275720694799246583277018380556220275598836362
h[15]=0.00023038576352319596720521639282454216929406620524637119722600068668037624505020963529380085956306018445601034145640041970668862757774496807433522150255822954820104925329878
h[16]=-0.0002519631889427101369749886842878606607282181543478028214134265351230974318269778449028260125061599208011669905517503206884244545830010866145874312411882660276345581287348
h[17]=0.000039347320316271599480689883065891507077824770555170135073599381554405487139657733793208247087038002317178898151383466586328455116732301371446525865309731235111639167987228
