# db10 scaling coefficients
h[0]=0.16010239797419291448072374802042073365054412462505783277256992020754721449449769133466522309790059798677088997007048506025827090738208347818585116707629408053779988191649
h[1]=0.60382926979718967054011930652506210750742216310169869879692833603686283701850657903278372876545170747397329548688032626722235613145086134434572841448834931763810817266318
h[2]=0.72430852843777292772807124410221864076875621823200737257673350480409279922031054511042874552431726663371950060411867076189210381791902680815244372399989176411319242476749
h[3]=0.13842814590132073150539714633902469731410579117395610226946522108855217638348644679371346340726386913468266116145140342002215191797855804157210720501605962112818662991943
h[4]=-0.24229488706638203186257137947461636199149080806261859839137269134106547424026526868357850882328218530031652624289823777723954778320489491774499508493934290625193847726051
h[5]=-0.032244869584638374648479755062134928313564984163798472254342681319811609231505390585631305120408808186638575344850484633329178929954682779754795122512792049299510915089229
h[6]=0.077571493840045713523130489388601819806230994520125279832101462389556715934053335226533113187005058423831452913832556876055353985788663720286677296606096716113803949820552
h[7]=-0.0062414902127982742741905191129201929707635571656876073234174353259085160535029170990925869558755480714700910637724379577806599032027814174311916866687450941300021519051922
h[8]=-0.012580751999081999468509739931775792949204591626097850201692327064765016177542783562854805822119951376498394129667326408503762899959510482557916354192971923553340639406171
h[9]=0.003335725285473771277998183415817355747636524742305315099706428515671351114068801283420467067389566016959632875747341416327748811653413417590211938227096124994668032379915
