# db12 scaling coefficients
h[0]=0.11154074335010946362132391724092343904253959198442167590823604579765159644174797451389384641105399614616804092022191989927203557373074154277026002418961348184863630385673
h[1]=0.49462389039845308567720417687785558863778638289627436235318345261886984649886814426562153016762084069634558927742719555905068662638696626539784342768398633479220926493406
h[2]=0.75113390802109535067893449843973168558025478333826120097304206594799266888696953906513072501426670760436181849149308079365261550495556319037147106440836329448240256886038
h[3]=0.31525035170919762908598965481092639664951992351729452444041638160625244927355564260373028929407189513368299873396557908203607180503635590971476964821311306093587365849855
h[4]=-0.22626469396543982007631450066090346567054015397289699401434877917897027717576987443360384136924908872396887687538267745967956860255637830921657383860665305231108928662201
h[5]=-0.12976686756726193556228960587658546084523374922358147015993106558172041337348430627751061993728700163214091821518153102305706576174439344206414735506334038036789965283148
h[6]=0.097501605587323049102343552538125342339830747495255142798931931211277981638423718560710358134435458696613297035017576525811608326765458918781325265603349081105449376968838
h[7]=0.027522865530305728625540839504193213657387587830434543214942028790000299266225815539875723467778893420928541728477280502961202032257797089698919212205178491570370299253668
h[8]=-0.031582039317486029565079080699848669057479532373148423375114649352606045847638222401664376735046732422727339830203226985230845117405808604248600336822778133024833938183313
h[9]=0.00055384220116149613925191839804650122061102627738649642954765245675247527348237597128543598223555716873929360408562855440658749953195026510885134092774522516831029565810627
h[10]=0.0047772575109455106396359752468207070502305012165814342975932545700203152873203841207270557083604450670599833743094757386365723424357918678641785697780732662940537014629742
h[11]=-0.0010773010853084795648526216095872000352352336093344196898185808947884177075941526778085918105993984200485820133180041629350641735433074815341755254167149893400186157684795
