# db20 scaling coefficients
h[0]=0.026670057900555553586617448771308582771924982908512899327799757762165073565368471085276693449444437899728798323307156845997733051585559868361119437183737073679471461880788
h[1]=0.18817680007769148902089297367909399427025467586403934843485954440988660880041937941525002725342250630806208427738460656890718144318479917090425408566301832853485126434802
h[2]=0.52720118893172558648174482795950819249814026808402234453185494714513982786782232293621955496871656321957136612700234234322324617897243891349729807164050627826144413265811
h[3]=0.68845903945360356574187178254923585397713640424073395372796811583990344659168261035330902783921212379890322170649041065402470408138700218091143085318072335332541233560089
h[4]=0.28117234366057746074872699844558928762438888590261504138315439518337480745262050568812130442863547139861756424829403017436032877614908923993829653654386498144497356857396
h[5]=-0.24984642432731537941610189792077910005646697371320737150131215971067630042884256522593087428156540197577571217256247408602808755963681243250836920846863841365715539295711
h[6]=-0.19594627437737704350429925431909813187667764763827784743967818768385617820330803651377710549985051921383257723186247691890158516067476010797721060281975180636925256408336
h[7]=0.12736934033579326008267723320140097707861774804222459955630975237390670343906431963863041852929314109102354121658476666603293991084138083832605239285220999370341310301872
h[8]=0.093057364603572351160352289835452732269429179989469258680639741022454756675082799837378919892498119014860056785745983874524703170786997078698984444628251057988003239630485
h[9]=-0.07139414716639708714533609307605064767292611983702150917523756347965824095325024648919597620042884595479845171432901069625459478139364532996332864555603664514449371891389
h[10]=-0.029457536821875812858283237601418391993882005160649487797696542831849016741109463335382044557525044529148853316301920447123262437353034356774528639312333006922689108560985
h[11]=0.033212674059341001739763653182159128979783374132670960433233512708331299781886604623264565253292704771608056608173833061727682288844237341196491983761536114498204490653556
h[12]=0.003606553566956169655423291417133403299517350518618994762730612291286563182909289254970629161821757265675299636698479327944098871020229686868100593453068991673091842627308
h[13]=-0.010733175483330575044318114106513644481115487811439232133703339370934369620294228076706705099694377152411623393483058262365563299089544840472169336582584849708126857006588
h[14]=0.0013953517470529011657893184479577075676605428556885524267211177234294314032248836764911076600280539873799272750608211883717247746253360926869752063407524704591833704301676
h[15]=0.001992405295185056117158742242640643211762555365514105280067936478248644606368356653758189389396316420233342900981862696162007493197801483517300421061569444766484482506691
h[16]=-0.00068585669495971162656137098192657141966250433367869205162119035617579793185961286453897760207537566222700653222743865303680226481965449106774075963876226966178413564455387
h[17]=-0.00011646685512928545095148097102589918915274618543475973628192350744688585366140213571189387621222496269289830061440150244939614386364596901325991365202740734549930216591992
h[18]=0.000093588670320069591334050130342228543996884562152972764435218739396771960302359660433685262127322986882347799739170777102233067633166682090766460530636739749736924625634685
h[19]=-0.000013264202894521244812436675312266833057492409606058297564006746194667132319309331473011642895155976644638013170386587294455405546203836576341883709804205105754717328554115
