# db16 scaling coefficients
h[0]=0.054415842243104009955009405202999355035995542947330503977292808677193622647652731593123340479956261777016345907440168791029447715127562988717227768920787870695897939211654
h[1]=0.31287159091429997065916237550571772194973197403702291856987124211531149794416793343832264551693146419795193974881309450379803893676762750486953129259191085823456347369565
h[2]=0.67563073629728980680780076704718314998691159063363642277667598381172874695536456707604380234353699721063733769033337877499706232441939186120342696211341681796389699448557
h[3]=0.58535468365420671277126552004509819443032666780533690557071753488957052267179628045445637909375313748685532009349353680638387133879639161442369556678220600589055159915612
h[4]=-0.015829105256349305667380547876466304157744711545028265597353359560312661545450370300984850350298295350043269863873872712726937520112135810188365494904895981012117589558543
h[5]=-0.28401554296154692651620313237416473246843501248714517935992048090937585952614714453682341755320308162798606048629130906540533422295699461351454746801572779369170628056399
h[6]=0.00047248457391328277036059000982589498619480112887700746440840960229954465856050477170868017622428994630121859730731211441978182305677326109960839981812673179654473546225319
h[7]=0.12874742662047845885702928750970838430226015755564887955770001654977066319023559366549872010370657783127205102943347677612326113306480146907155041908295384537014405490317
h[8]=-0.017369301001807546169616148868095983114130865294883943169773153885119747929251791538421369967115876854102323560317175037436045919664472791241656809008042034693568485004913
h[9]=-0.044088253930794751506763723238963501897518391901109964727503919854754335187996018028582639818428888491457395284725673933830188741456728705189319100516139568156839856082168
h[10]=0.013981027917398281648722930572633451442395595329343471691463681144262938301377876377110682141310477191045695678990298403936207397036552341476986535151731941715687552579913
h[11]=0.0087460940474057767163827432464756401804021470811406767426867470261177584378110337956480415659913979309451787008982417566097011937382029765392679204571612756498894436679012
h[12]=-0.0048703529934515743104221815571098240166349785121570037647362085321921707468272727171311300920214152835375365951086105569405701061324197487631898112414832734662324606204867
h[13]=-0.00039174037337694704629808035732377626752293500738904937244926946775919522534732595396307526106230742154425383295983137799684658374653792152832983826880917273713678580005121
h[14]=0.00067544940645056936636954757387929912184896300135584321036170773750596688962727416374461243222834773018945526068464873518347231419411650401802319770032571000027224666665803
h[15]=-0.00011747678412476953373062823169889094440866939503115039276200135351481307346683340936288648386751353852985685320538695322008502628139371834978804356358695011259265027760016
