# db8 scaling coefficients
h[0]=0.23037781330889650086329118304407085000161524824830929779109684402827164373523009084375780866792423114756369490409346114579222333932809863371273064514738072740186233800117
h[1]=0.71484657055291564708992195527399260370760840109930817584501100344262504652740417385772415880840218105396963599007144475699259412999011415987607253538558560136120475136962
h[2]=0.63088076792985890788171633830061522020322292267719511740574732848435336140975060668576494782322833579233405110581748247759133810243292999459121304037856708325147885486868
h[3]=-0.027983769416859854211413747180075385411987320224491752840033582653363093000704526049773534610637656786518899470400652406817438937876055821303112646078703190658684942941997
h[4]=-0.1870348117190930840795706727890814195845441743745800912057770875939925862852938734337837438841384541547527107816196793660590710525146922135487028605470952276659137210534
h[5]=0.030841381835560763627219362534959050170314821720034033418212190936063233774620902707991054144070074467488828670610713825388579670079917142910953215927814658150770083634144
h[6]=0.032883011666885199735407513549244388664541941137549712597272784076733820371366695329454754556806673582361887887164884255137927638679032191566819923571115429990598566529221
h[7]=-0.010597401785069032104883208524027229181099964906376419834849742729958948070267031090747911178013812367432642074825357663101316834268606875161852356684729010426000022964837
