# db22 scaling coefficients
h[0]=0.018694297761471084025435729395619757289677744559219585432866920854463984820722689941681484891319719676211017515575409901632988820718510586463990546256368410444238512060362
h[1]=0.14406702115062451279519158493610011430237189675562396043188524821761210980235634950546703739881772930433564522930927342264259923505489006503677325194716172208375205609649
h[2]=0.44989976435604533476889403738536036778068953786489334745996557958634404329943335077719259585286956949628690464395415495338608260585353685139814174080825714907169808638125
h[3]=0.68568677491620051112093863169630979359402049645677034950515890174507509030823035924872239011360670726492879135146240108624540605323627822980656488047011006243946870281735
h[4]=0.4119643689479074629259396485710667307430400410187845315697242511333308626867821889066712982400948736500031053286226795446632847013175280244877254769141185134310555467509
h[5]=-0.16227524502749036224058272699855115407442643242121302096496674298183214990555772992162885140068082583587747035011713037044294090151049441693527979362403217267118058932536
h[6]=-0.27423084681794696120210094528352666286480895217751782219057783900502396695400741893833505452488491291805968494586190239786231593777765457434799404137417032612929072686021
h[7]=0.066043588196683191900614578881263026567531421689407915411134572260157270026927758382473735432635528962130293370010617074053086854533143664715547905014549874657067671567008
h[8]=0.14981201246637849640665626170441932985882724202674846537969095942150753335400312385974641462160457460981181014243106668671917036860261405250440431986156964283962828941084
h[9]=-0.046479955116684187271617225890237445772232609668482607474503209875958431693478745154674706897365767035598496045275931855499313145598117167188642233576753216526109993004872
h[10]=-0.066438785695025205278992155369712031918195668960797396228585740233606526969732650186304674537544617762639105277853903141997043225475133782717097449696384311119297588022313
h[11]=0.031335090219046076030947984083031445363581056808800319649364455090954740139391636679462476752300614154574999992372782111908328308823334229220323536146017140061455390498139
h[12]=0.020840904360181063022948112556564910151577618327347156911266922007670347370913033950040914904138488060359215659886729057007894787602151308864007065078506099788363028471857
h[13]=-0.015364820906201599426198116099588227440143264957730001202058486279377738506809779661132048614400516850349355379556175023819047588286389794595312653369305183563315737608016
h[14]=-0.0033408588730144456060908086179824061019306583594991908456567317772540817346347106007380611783740068689044678584569751787484128265833621951355900518766469582979253309075037
h[15]=0.0049284176560590411231707397417082736902855477299158024183974580101937664126239550354055046859593522901641994930242363668418054200369588428660706948307193407353172711209347
h[16]=-0.00030859285881514316517545907262789533071802166050784885819215622760236544448460988120104975486475889280767058232870925950687289122129874326081075741228232935806913643003772
h[17]=-0.00089302325066626461339008246226486539898795198786207287931333582240853430265692302099820461546334599022395241882851081030691993163531135174068990774776034891052458529943752
h[18]=0.00024915252355282349887122168726668010882211993028554253819713924909320282451570316312934859220398733994260962449343442074384699725645893935568210897099096401443954780521524
h[19]=0.000054439074699368471673578568795768321919366785256007939780436889201682941435563948388665043011553697239727447555651060508278376092541684315555034723606615668362191555702344
h[20]=-0.000034634984186984995541280851599740432145064880482334580359436013556794022457181566689449942742130022696811135005836073576205372367981861290398208980363135988519128304810735
h[21]=0.0000044942742772365100954156482823101309164104979873837534605717417484340085910743837077692653997564061825404254989354503311353471785346208211500337356585238644739810807625709
