# db14 scaling coefficients
h[0]=0.077852054085009179019963521957893748379183052927955684387029371799629765558229367140909799899420546479896127556994229491587331880160263360455014886967456468479455940182837
h[1]=0.39653931948191730653900039093684285635871511493332874011104996207548781530195581927798832050897398347525258486945830373592880889582791678448706918883599272199457070852568
h[2]=0.72913209084623511991694307033928205171796606119013637826977157495535702874468128796076929051956763090548937467602727717154476769939114501589279417866547314254937119606814
h[3]=0.46978228740519312247159116097445173868179130567873595323925291410083692170359608605683790127004166349568989179337811823856929889805223875302909168913276051817391850862086
h[4]=-0.14390600392856497540506836221304600179527357054990848344017530142299184121003206552442136392210180287318058744165573836081366368282213635302181117892629373496663447869877
h[5]=-0.22403618499387498263814042023325096447578308967732465526650953072415165804296613892640422128675715886530146903652901167072019867746815404898232831635905051683369231754941
h[6]=0.071309219266830264750876570501129048227113274514123146595751132202029061555233833883312914195502631018176083551764868850131092800518970144110448765514643440694724202828019
h[7]=0.080612609151083071912922480359381905858238209656294890581392184772265275648989189950575456386360596618084664923906765142507458353437327607561466564114172011775945928135936
h[8]=-0.038029936935014413579592061601858035854461969384678698982831227165741061736766889384086725097560090757825331074536329047016539672995536814197968713519509482040252438135372
h[9]=-0.016574541630666880654107674891702654792045043948207137052392725487143490786384723227714957660305581281566830662494555419811579173314828679782141686235645168544317164852465
h[10]=0.012550998556099840612989886034187779572894740460487100384118183441674102341118390349165686033489565450119824956557973268286859229157571679237425280579300967504038023168299
h[11]=0.00042957797292136652113212912281973222282353503969424097429463669354494184941833985234866021724768192697273849173125383143367247627644887718200339067134429000762673897479101
h[12]=-0.0018016407040474909152682629127395509625856514696410906253238648145908160214104050004558344644976938551685691096961328612574302254849084261538424707311031231199607022017324
h[13]=0.00035371379997452024844629583630642543109590600595200400125242756452643355644494644156260772825960099837534273600527465455495725511441931282689991839039406911079623079254545
