# db6 scaling coefficients
h[0]=0.33267055295008261599851158913900563001292339924506835970847057855179372371033076640043978745356625429338221895051434934529676608283637633974060435605018165979093298361814
h[1]=0.80689150931109257649449360408871349051929739499482361816509206360348683533014837670266678220882857680489650022212834366191644203644391586206377564652760935279466789472905
h[2]=0.45987750211849157009515194214761672080811017743149230664338678024864033562673706765987285639434733302814085542106332707076142424852366851674564905599198406733937888607191
h[3]=-0.13501102001025458869638990669937448056221984522378119197568625535706276799737139323198424953426691881113424556443658730624671864472872622473966315068788737277809635797876
h[4]=-0.085441273882026661692819169181773311536197638988086629763517489805067820106014314635118876684092800954016151256121527903595772303434676250164192663492197835350322713347731
h[5]=0.035226291885709536602740664715510029327758387917431610398934060748942171898276535954511234489259128373744668457764392156792694636210178968997948252710245916424880576592155
