# db4 scaling coefficients
h[0]=0.48296291314453414337487159986444868381695241950420227520117153815521160698992775817378087092903522594420105593219081076872296268946106181928373818104215180796979960072762
h[1]=0.83651630373780790557529378091687320345937038834843929349534147265289472660545451788637775451094561912795451748991888502495417170342374612244476855531713573521394235089826
h[2]=0.22414386804201338102597276224040035546788351818427176138716833084015463224112576125141289623478556042330586718326533774373945533846430678703832256750781612110189321161572
h[3]=-0.12940952255126038117444941881202416417453445065996525690700160365752848737440099846118398734712483276044759437446273651249175367549837751612270780676716784343395319455595
