# db2 scaling coefficients
h[0]=0.482962913144534143374871599864448683817
h[1]=0.8365163037378079055752937809168732034594
h[2]=0.2241438680420133810259727622404003554679
h[3]=-0.1294095225512603811744494188120241641745
