# db2 scaling coefficients
h[0]=4.82962913144534143374871599864448683817e-1
h[1]=8.365163037378079055752937809168732034594e-1
h[2]=2.241438680420133810259727622404003554679e-1
h[3]=-1.294095225512603811744494188120241641745e-1
