# db3 scaling coefficients
h[0]=0.3326705529500826159985115891390056300129
h[1]=0.8068915093110925764944936040887134905193
h[2]=0.4598775021184915700951519421476167208081
h[3]=-0.1350110200102545886963899066993744805622
h[4]=-0.0854412738820266616928191691817733115362
h[5]=0.03522629188570953660274066471551002932776
