# db3 scaling coefficients
h[0]=3.326705529500826159985115891390056300129e-1
h[1]=8.068915093110925764944936040887134905193e-1
h[2]=4.598775021184915700951519421476167208081e-1
h[3]=-1.350110200102545886963899066993744805622e-1
h[4]=-8.54412738820266616928191691817733115362e-2
h[5]=3.522629188570953660274066471551002932776e-2
