# db4 scaling coefficients
h[0]=2.303778133088965008632911830440708500016e-1
h[1]=7.148465705529156470899219552739926037076e-1
h[2]=6.308807679298589078817163383006152202032e-1
h[3]=-2.798376941685985421141374718007538541199e-2
h[4]=-1.870348117190930840795706727890814195845e-1
h[5]=3.084138183556076362721936253495905017031e-2
h[6]=3.288301166688519973540751354924438866454e-2
h[7]=-1.05974017850690321048832085240272291811e-2
