# db4 scaling coefficients
h[0]=0.2303778133088965008632911830440708500016
h[1]=0.7148465705529156470899219552739926037076
h[2]=0.6308807679298589078817163383006152202032
h[3]=-0.02798376941685985421141374718007538541199
h[4]=-0.1870348117190930840795706727890814195845
h[5]=0.03084138183556076362721936253495905017031
h[6]=0.03288301166688519973540751354924438866454
h[7]=-0.0105974017850690321048832085240272291811
