# db5 scaling coefficients
h[0]=0.1601023979741929144807237480204207336505
h[1]=0.6038292697971896705401193065250621075074
h[2]=0.7243085284377729277280712441022186407688
h[3]=0.1384281459013207315053971463390246973141
h[4]=-0.2422948870663820318625713794746163619915
h[5]=-0.03224486958463837464847975506213492831356
h[6]=0.07757149384004571352313048938860181980623
h[7]=-0.006241490212798274274190519112920192970764
h[8]=-0.0125807519990819994685097399317757929492
h[9]=0.003335725285473771277998183415817355747637
