# db6 scaling coefficients
h[0]=0.1115407433501094636213239172409234390425
h[1]=0.4946238903984530856772041768778555886378
h[2]=0.7511339080210953506789344984397316855803
h[3]=0.3152503517091976290859896548109263966495
h[4]=-0.2262646939654398200763145006609034656705
h[5]=-0.1297668675672619355622896058765854608452
h[6]=0.09750160558732304910234355253812534233983
h[7]=0.02752286553030572862554083950419321365739
h[8]=-0.03158203931748602956507908069984866905748
h[9]=0.000553842201161496139251918398046501220611
h[10]=0.004777257510945510639635975246820707050231
h[11]=-0.001077301085308479564852621609587200035235
