# db7 scaling coefficients
h[0]=7.785205408500917901996352195789374837918e-2
h[1]=3.965393194819173065390003909368428563587e-1
h[2]=7.29132090846235119916943070339282051718e-1
h[3]=4.697822874051931224715911609744517386818e-1
h[4]=-1.439060039285649754050683622130460017953e-1
h[5]=-2.240361849938749826381404202332509644758e-1
h[6]=7.130921926683026475087657050112904822711e-2
h[7]=8.061260915108307191292248035938190585824e-2
h[8]=-3.802993693501441357959206160185803585446e-2
h[9]=-1.657454163066688065410767489170265479205e-2
h[10]=1.255099855609984061298988603418777957289e-2
h[11]=4.295779729213665211321291228197322228235e-4
h[12]=-1.801640704047490915268262912739550962586e-3
h[13]=3.537137999745202484462958363064254310959e-4
