# db7 scaling coefficients
h[0]=0.07785205408500917901996352195789374837918
h[1]=0.3965393194819173065390003909368428563587
h[2]=0.729132090846235119916943070339282051718
h[3]=0.4697822874051931224715911609744517386818
h[4]=-0.1439060039285649754050683622130460017953
h[5]=-0.2240361849938749826381404202332509644758
h[6]=0.07130921926683026475087657050112904822711
h[7]=0.08061260915108307191292248035938190585824
h[8]=-0.03802993693501441357959206160185803585446
h[9]=-0.01657454163066688065410767489170265479205
h[10]=0.01255099855609984061298988603418777957289
h[11]=0.0004295779729213665211321291228197322228235
h[12]=-0.001801640704047490915268262912739550962586
h[13]=0.0003537137999745202484462958363064254310959
