# db8 scaling coefficients
h[0]=0.054415842243104009955009405202999355036
h[1]=0.3128715909142999706591623755057177219497
h[2]=0.6756307362972898068078007670471831499869
h[3]=0.5853546836542067127712655200450981944303
h[4]=-0.01582910525634930566738054787646630415774
h[5]=-0.2840155429615469265162031323741647324684
h[6]=0.0004724845739132827703605900098258949861948
h[7]=0.1287474266204784588570292875097083843023
h[8]=-0.01736930100180754616961614886809598311413
h[9]=-0.04408825393079475150676372323896350189752
h[10]=0.0139810279173982816487229305726334514424
h[11]=0.008746094047405776716382743246475640180402
h[12]=-0.004870352993451574310422181557109824016635
h[13]=-0.0003917403733769470462980803573237762675229
h[14]=0.000675449406450569366369547573879299121849
h[15]=-0.0001174767841247695337306282316988909444087
