# db9 scaling coefficients
h[0]=0.03807794736387834658869765887955118448772
h[1]=0.2438346746125903537320415816492844155264
h[2]=0.604823123690111111903076867434236170896
h[3]=0.6572880780513005380782126390451732140306
h[4]=0.1331973858250075761909549458997955536922
h[5]=-0.2932737832791749088064031952421987310439
h[6]=-0.09684078322297646051350813353769660224825
h[7]=0.1485407493381063801350727175060423024791
h[8]=0.03072568147933337921231740072037882714106
h[9]=-0.06763282906132997367564227482971901592579
h[10]=0.0002509471148314519575871897499885543315176
h[11]=0.02236166212367909720537378270269095241856
h[12]=-0.00472320475775139727792570784824246540573
h[13]=-0.004281503682463429834496795002314531876481
h[14]=0.001847646883056226476619129491125677051121
h[15]=0.0002303857635231959672052163928245421692941
h[16]=-0.0002519631889427101369749886842878606607282
h[17]=0.00003934732031627159948068988306589150707782
