# db9 scaling coefficients
h[0]=3.807794736387834658869765887955118448772e-2
h[1]=2.438346746125903537320415816492844155264e-1
h[2]=6.04823123690111111903076867434236170896e-1
h[3]=6.572880780513005380782126390451732140306e-1
h[4]=1.331973858250075761909549458997955536922e-1
h[5]=-2.932737832791749088064031952421987310439e-1
h[6]=-9.684078322297646051350813353769660224825e-2
h[7]=1.485407493381063801350727175060423024791e-1
h[8]=3.072568147933337921231740072037882714106e-2
h[9]=-6.763282906132997367564227482971901592579e-2
h[10]=2.509471148314519575871897499885543315176e-4
h[11]=2.236166212367909720537378270269095241856e-2
h[12]=-4.72320475775139727792570784824246540573e-3
h[13]=-4.281503682463429834496795002314531876481e-3
h[14]=1.847646883056226476619129491125677051121e-3
h[15]=2.303857635231959672052163928245421692941e-4
h[16]=-2.519631889427101369749886842878606607282e-4
h[17]=3.934732031627159948068988306589150707782e-5
