# db10 scaling coefficients
h[0]=0.02667005790055555358661744877130858277192
h[1]=0.1881768000776914890208929736790939942703
h[2]=0.5272011889317255864817448279595081924981
h[3]=0.6884590394536035657418717825492358539771
h[4]=0.2811723436605774607487269984455892876244
h[5]=-0.2498464243273153794161018979207791000565
h[6]=-0.1959462743773770435042992543190981318767
h[7]=0.1273693403357932600826772332014009770786
h[8]=0.09305736460357235116035228983545273226943
h[9]=-0.07139414716639708714533609307605064767293
h[10]=-0.02945753682187581285828323760141839199388
h[11]=0.03321267405934100173976365318215912897978
h[12]=0.003606553566956169655423291417133403299517
h[13]=-0.01073317548333057504431811410651364448112
h[14]=0.001395351747052901165789318447957707567661
h[15]=0.001992405295185056117158742242640643211763
h[16]=-0.0006858566949597116265613709819265714196625
h[17]=-0.0001164668551292854509514809710258991891527
h[18]=0.00009358867032006959133405013034222854399688
h[19]=-0.00001326420289452124481243667531226683305749
