# db11 scaling coefficients
h[0]=0.01869429776147108402543572939561975728968
h[1]=0.1440670211506245127951915849361001143024
h[2]=0.4498997643560453347688940373853603677807
h[3]=0.685686774916200511120938631696309793594
h[4]=0.411964368947907462925939648571066730743
h[5]=-0.1622752450274903622405827269985511540744
h[6]=-0.2742308468179469612021009452835266628648
h[7]=0.06604358819668319190061457888126302656753
h[8]=0.1498120124663784964066562617044193298588
h[9]=-0.04647995511668418727161722589023744577223
h[10]=-0.0664387856950252052789921553697120319182
h[11]=0.03133509021904607603094798408303144536358
h[12]=0.02084090436018106302294811255656491015158
h[13]=-0.01536482090620159942619811609958822744014
h[14]=-0.003340858873014445606090808617982406101931
h[15]=0.004928417656059041123170739741708273690286
h[16]=-0.000308592858815143165175459072627895330718
h[17]=-0.000893023250666264613390082462264865398988
h[18]=0.0002491525235528234988712216872666801088221
h[19]=0.00005443907469936847167357856879576832191937
h[20]=-0.00003463498418698499554128085159974043214506
h[21]=0.00000449427427723651009541564828231013091641
