# db11 scaling coefficients
h[0]=1.869429776147108402543572939561975728968e-2
h[1]=1.440670211506245127951915849361001143024e-1
h[2]=4.498997643560453347688940373853603677807e-1
h[3]=6.85686774916200511120938631696309793594e-1
h[4]=4.11964368947907462925939648571066730743e-1
h[5]=-1.622752450274903622405827269985511540744e-1
h[6]=-2.742308468179469612021009452835266628648e-1
h[7]=6.604358819668319190061457888126302656753e-2
h[8]=1.498120124663784964066562617044193298588e-1
h[9]=-4.647995511668418727161722589023744577223e-2
h[10]=-6.64387856950252052789921553697120319182e-2
h[11]=3.133509021904607603094798408303144536358e-2
h[12]=2.084090436018106302294811255656491015158e-2
h[13]=-1.536482090620159942619811609958822744014e-2
h[14]=-3.340858873014445606090808617982406101931e-3
h[15]=4.928417656059041123170739741708273690286e-3
h[16]=-3.08592858815143165175459072627895330718e-4
h[17]=-8.93023250666264613390082462264865398988e-4
h[18]=2.491525235528234988712216872666801088221e-4
h[19]=5.443907469936847167357856879576832191937e-5
h[20]=-3.463498418698499554128085159974043214506e-5
h[21]=4.49427427723651009541564828231013091641e-6
