# db12 scaling coefficients
h[0]=0.01311225795722951750674609088893328065666
h[1]=0.1095662728211851546057045050248905426076
h[2]=0.3773551352142126570928212604879206149011
h[3]=0.657198722579307089302761128664116983425
h[4]=0.5158864784278156087560326480543032700678
h[5]=-0.04476388565377462666762747311540166529285
h[6]=-0.3161784537527855368648029353478031098509
h[7]=-0.02377925725606972768399754609133225784553
h[8]=0.1824786059275796798540436116189241710295
h[9]=0.005359569674352150328276276729768332288863
h[10]=-0.09643212009650708202650320534322484127431
h[11]=0.01084913025582218438089010237748152188662
h[12]=0.04154627749508444073927094681906574864514
h[13]=-0.01221864906974828071998798266471567712982
h[14]=-0.01284082519830068329466034471894728496206
h[15]=0.006711499008795509177767027068215672450648
h[16]=0.002248607240995237599950865211267234018343
h[17]=-0.00217950361862776047159890337958417118784
h[18]=0.000006545128212509595566500430399327110729112
h[19]=0.0003886530628209314435897288837795981791917
h[20]=-0.00008850410920820432420821645961553726598738
h[21]=-0.00002424154575703078402978915320531719580424
h[22]=0.00001277695221937976658714046362616620887376
h[23]=-0.000001529071758068510902712239164522901223198
