# db12 scaling coefficients
h[0]=1.311225795722951750674609088893328065666e-2
h[1]=1.095662728211851546057045050248905426076e-1
h[2]=3.773551352142126570928212604879206149011e-1
h[3]=6.57198722579307089302761128664116983425e-1
h[4]=5.158864784278156087560326480543032700678e-1
h[5]=-4.476388565377462666762747311540166529285e-2
h[6]=-3.161784537527855368648029353478031098509e-1
h[7]=-2.377925725606972768399754609133225784553e-2
h[8]=1.824786059275796798540436116189241710295e-1
h[9]=5.359569674352150328276276729768332288863e-3
h[10]=-9.643212009650708202650320534322484127431e-2
h[11]=1.084913025582218438089010237748152188662e-2
h[12]=4.154627749508444073927094681906574864514e-2
h[13]=-1.221864906974828071998798266471567712982e-2
h[14]=-1.284082519830068329466034471894728496206e-2
h[15]=6.711499008795509177767027068215672450648e-3
h[16]=2.248607240995237599950865211267234018343e-3
h[17]=-2.17950361862776047159890337958417118784e-3
h[18]=6.545128212509595566500430399327110729112e-6
h[19]=3.886530628209314435897288837795981791917e-4
h[20]=-8.850410920820432420821645961553726598738e-5
h[21]=-2.424154575703078402978915320531719580424e-5
h[22]=1.277695221937976658714046362616620887376e-5
h[23]=-1.529071758068510902712239164522901223198e-6
