# db13 scaling coefficients
h[0]=9.202133538962367972970163475644184667534e-3
h[1]=8.286124387290277964432027131230466405208e-2
h[2]=3.119963221604380633960784112214049693947e-1
h[3]=6.110558511587876528211995136744180562074e-1
h[4]=5.888895704312189080710395347395333927666e-1
h[5]=8.698572617964723731023739838087494399232e-2
h[6]=-3.149729077113886329981698255932282582877e-1
h[7]=-1.245767307508152589413808336021260180793e-1
h[8]=1.794760794293398432348450072339369013582e-1
h[9]=7.294893365677716380902830610477661983326e-2
h[10]=-1.058076181879343264509667304196464849479e-1
h[11]=-2.64884064753436946396391224803478572642e-2
h[12]=5.613947710028342886214501998387331119988e-2
h[13]=2.379972254059078811465170958554208358094e-3
h[14]=-2.383142071032364903206403067757739134253e-2
h[15]=3.923941448797416243316370220815526558825e-3
h[16]=7.255589401617566194518393300502698898974e-3
h[17]=-2.76191123465686217801457626609844599535e-3
h[18]=-1.31567391189229893661383537059364337606e-3
h[19]=9.323261308672633862226517802548514100918e-4
h[20]=4.925152512628946192140957387866596210104e-5
h[21]=-1.651289885565054894616687709238000755899e-4
h[22]=3.0678537579325493466494832285754762366e-5
h[23]=1.044193057140813708170714991080596951671e-5
h[24]=-4.70041647936086832565019516506177132165e-6
h[25]=5.220035098454864691736424354843176976747e-7
