# db13 scaling coefficients
h[0]=0.009202133538962367972970163475644184667534
h[1]=0.08286124387290277964432027131230466405208
h[2]=0.3119963221604380633960784112214049693947
h[3]=0.6110558511587876528211995136744180562074
h[4]=0.5888895704312189080710395347395333927666
h[5]=0.08698572617964723731023739838087494399232
h[6]=-0.3149729077113886329981698255932282582877
h[7]=-0.1245767307508152589413808336021260180793
h[8]=0.1794760794293398432348450072339369013582
h[9]=0.07294893365677716380902830610477661983326
h[10]=-0.1058076181879343264509667304196464849479
h[11]=-0.0264884064753436946396391224803478572642
h[12]=0.05613947710028342886214501998387331119988
h[13]=0.002379972254059078811465170958554208358094
h[14]=-0.02383142071032364903206403067757739134253
h[15]=0.003923941448797416243316370220815526558825
h[16]=0.007255589401617566194518393300502698898974
h[17]=-0.00276191123465686217801457626609844599535
h[18]=-0.00131567391189229893661383537059364337606
h[19]=0.0009323261308672633862226517802548514100918
h[20]=0.00004925152512628946192140957387866596210104
h[21]=-0.0001651289885565054894616687709238000755899
h[22]=0.000030678537579325493466494832285754762366
h[23]=0.00001044193057140813708170714991080596951671
h[24]=-0.00000470041647936086832565019516506177132165
h[25]=0.0000005220035098454864691736424354843176976747
