# db14 scaling coefficients
h[0]=6.461153460087947818166397448622814272327e-3
h[1]=6.236475884939889832798566758434877428305e-2
h[2]=2.548502677926213536659077886778286686187e-1
h[3]=5.543056179408938359926831449851154844078e-1
h[4]=6.311878491048567795576617135358172348624e-1
h[5]=2.186706877589065214917475918217517051766e-1
h[6]=-2.716885522787480414142192476181171094605e-1
h[7]=-2.180335299932760447555558812702311911975e-1
h[8]=1.38395213864806591073993969002157371399e-1
h[9]=1.399890165844607012492943162271163440328e-1
h[10]=-8.674841156816968904560822066727795382979e-2
h[11]=-7.154895550404613073584145115173807990958e-2
h[12]=5.523712625921604411618834060533403397914e-2
h[13]=2.698140830791291697399031403215193343376e-2
h[14]=-3.018535154039063518714822623489137573782e-2
h[15]=-5.615049530356959133218371367691498637457e-3
h[16]=1.278949326633340896157330705784079299375e-2
h[17]=-7.462189892683849371817160739181780971958e-4
h[18]=-3.849638868022187445786349316095551774097e-3
h[19]=1.061691085606761843032566749388411173034e-3
h[20]=7.080211542355278586442977697617128983472e-4
h[21]=-3.868319473129544821076663398057314427329e-4
h[22]=-4.17772457703725973526797953983925892839e-5
h[23]=6.87550425269750960387343702162803160189e-5
h[24]=-1.033720918457077394661407342594814586269e-5
h[25]=-4.389704901781394115254042561367169829323e-6
h[26]=1.724994675367812769885712692741798523588e-6
h[27]=-1.787139968311359076334192938470839343883e-7
