# db14 scaling coefficients
h[0]=0.006461153460087947818166397448622814272327
h[1]=0.06236475884939889832798566758434877428305
h[2]=0.2548502677926213536659077886778286686187
h[3]=0.5543056179408938359926831449851154844078
h[4]=0.6311878491048567795576617135358172348624
h[5]=0.2186706877589065214917475918217517051766
h[6]=-0.2716885522787480414142192476181171094605
h[7]=-0.2180335299932760447555558812702311911975
h[8]=0.138395213864806591073993969002157371399
h[9]=0.1399890165844607012492943162271163440328
h[10]=-0.08674841156816968904560822066727795382979
h[11]=-0.07154895550404613073584145115173807990958
h[12]=0.05523712625921604411618834060533403397914
h[13]=0.02698140830791291697399031403215193343376
h[14]=-0.03018535154039063518714822623489137573782
h[15]=-0.005615049530356959133218371367691498637457
h[16]=0.01278949326633340896157330705784079299375
h[17]=-0.0007462189892683849371817160739181780971958
h[18]=-0.003849638868022187445786349316095551774097
h[19]=0.001061691085606761843032566749388411173034
h[20]=0.0007080211542355278586442977697617128983472
h[21]=-0.0003868319473129544821076663398057314427329
h[22]=-0.0000417772457703725973526797953983925892839
h[23]=0.0000687550425269750960387343702162803160189
h[24]=-0.00001033720918457077394661407342594814586269
h[25]=-0.000004389704901781394115254042561367169829323
h[26]=0.000001724994675367812769885712692741798523588
h[27]=-0.0000001787139968311359076334192938470839343883
