# db15 scaling coefficients
h[0]=0.004538537361578898881459394910211696346664
h[1]=0.04674339489276627189170969334843575776579
h[2]=0.2060238639869957315398915009476307219306
h[3]=0.4926317717081396236067757074029946372617
h[4]=0.6458131403574243581764209120106917996433
h[5]=0.3390025354547315276912641143835773918757
h[6]=-0.1932041396091454287063990534321471746304
h[7]=-0.2888825965669656462484125009822332981311
h[8]=0.06528295284877281692283107919869574882039
h[9]=0.190146714007122982348489311658602051796
h[10]=-0.03966617655579094448384366751896200668382
h[11]=-0.1111209360372316933656710324674058608859
h[12]=0.03387714392350768620854817844433523770865
h[13]=0.05478055058450761268913790312581879108609
h[14]=-0.02576700732843996258594525754269826392204
h[15]=-0.02081005016969308167788483424677000162055
h[16]=0.01508391802783590236329274460170322736245
h[17]=0.005101000360407543169708860185565314724801
h[18]=-0.006487734560315744995181683149218690816956
h[19]=-0.000241756490761624281166722532630017960523
h[20]=0.001943323980382211541764912332541087441011
h[21]=-0.0003734823541376169920098094213645414611388
h[22]=-0.0003595652443624688121649620075909808858194
h[23]=0.0001558964899205997479471658241227108816256
h[24]=0.00002579269915531893680925862417616855912944
h[25]=-0.00002813329626604781364755324777078478665791
h[26]=0.000003362987181737579803124845210420177472135
h[27]=0.000001811270407940577083768510912285841160577
h[28]=-0.0000006316882325881664421201597299517657654166
h[29]=0.00000006133359913305752029056299460289788601989
