# db16 scaling coefficients
h[0]=3.189220925347738029769547564645958687067e-3
h[1]=3.490771432367334641030147224023020009218e-2
h[2]=1.650642834888531178991252730561134811585e-1
h[3]=4.303127228460038137403925424357684620634e-1
h[4]=6.373563320837888986319852412996030536499e-1
h[5]=4.402902568863569000390869163571679288528e-1
h[6]=-8.975108940248964285718718077442597430659e-2
h[7]=-3.270633105279177046462905675689119641757e-1
h[8]=-2.79182081330282766826451959502687320434e-2
h[9]=2.111906939471042887209680163268837900928e-1
h[10]=2.734026375271604136485245757201617965429e-2
h[11]=-1.323883055638103904500474147756493375092e-1
h[12]=-6.239722752474871765674503394120025865445e-3
h[13]=7.59242360442763158214849874394142246153e-2
h[14]=-7.588974368857737638494890864636995796587e-3
h[15]=-3.688839769173014233352666320894554314719e-2
h[16]=1.029765964095596941165000580076616900529e-2
h[17]=1.39937688598287310295045187367032972641e-2
h[18]=-6.990014563413916670284249536517288338058e-3
h[19]=-3.644279621498389932169000540933629387055e-3
h[20]=3.128023381206268831661202559854678767821e-3
h[21]=4.078969808497128362417470323406095782432e-4
h[22]=-9.410217493595675889266453953635875407755e-4
h[23]=1.14241520038722392644022809955566294584e-4
h[24]=1.747872452253381803801758637660746874986e-4
h[25]=-6.103596621410935835162369150522212811957e-5
h[26]=-1.394566898820889345199078311998401982325e-5
h[27]=1.133660866127625858758848762886536997519e-5
h[28]=-1.043571342311606501525454737262615404887e-6
h[29]=-7.363656785451205512099695719725563646585e-7
h[30]=2.308784086857545866405412732942006121306e-7
h[31]=-2.109339630100743097000572623603489906836e-8
