# db16 scaling coefficients
h[0]=0.003189220925347738029769547564645958687067
h[1]=0.03490771432367334641030147224023020009218
h[2]=0.1650642834888531178991252730561134811585
h[3]=0.4303127228460038137403925424357684620634
h[4]=0.6373563320837888986319852412996030536499
h[5]=0.4402902568863569000390869163571679288528
h[6]=-0.08975108940248964285718718077442597430659
h[7]=-0.3270633105279177046462905675689119641757
h[8]=-0.0279182081330282766826451959502687320434
h[9]=0.2111906939471042887209680163268837900928
h[10]=0.02734026375271604136485245757201617965429
h[11]=-0.1323883055638103904500474147756493375092
h[12]=-0.006239722752474871765674503394120025865445
h[13]=0.0759242360442763158214849874394142246153
h[14]=-0.007588974368857737638494890864636995796587
h[15]=-0.03688839769173014233352666320894554314719
h[16]=0.01029765964095596941165000580076616900529
h[17]=0.0139937688598287310295045187367032972641
h[18]=-0.006990014563413916670284249536517288338058
h[19]=-0.003644279621498389932169000540933629387055
h[20]=0.003128023381206268831661202559854678767821
h[21]=0.0004078969808497128362417470323406095782432
h[22]=-0.0009410217493595675889266453953635875407755
h[23]=0.000114241520038722392644022809955566294584
h[24]=0.0001747872452253381803801758637660746874986
h[25]=-0.00006103596621410935835162369150522212811957
h[26]=-0.00001394566898820889345199078311998401982325
h[27]=0.00001133660866127625858758848762886536997519
h[28]=-0.000001043571342311606501525454737262615404887
h[29]=-0.0000007363656785451205512099695719725563646585
h[30]=0.0000002308784086857545866405412732942006121306
h[31]=-0.00000002109339630100743097000572623603489906836
