# db17 scaling coefficients
h[0]=0.002241807001037312853535962677074436914062
h[1]=0.02598539370360604338914864591720788315474
h[2]=0.1312149033078244065775506231859069960144
h[3]=0.3703507241526411504492548190721886449477
h[4]=0.6109966156846228181886678867679372082737
h[5]=0.5183157640569378393254538528085968046217
h[6]=0.0273149704032936350043125071914758648035
h[7]=-0.3283207483639617360909665340725061767582
h[8]=-0.1265997522158827028744679110933825505054
h[9]=0.1973105895650109927854047044781930142551
h[10]=0.1011354891774702721509699856433434802197
h[11]=-0.1268156917782863110948571128662331680385
h[12]=-0.05709141963167692728911239478651382324161
h[13]=0.08110598665416088507965885748555429201024
h[14]=0.02231233617810379595339136059534813756232
h[15]=-0.04692243838926973733300897059211400507139
h[16]=-0.00327095553581929378165536022217749445207
h[17]=0.02273367658394627031845616244788448969907
h[18]=-0.003042989981354637068592482637907206078633
h[19]=-0.008602921520322854831713706413243659917927
h[20]=0.002967996691526094872806485060008038269959
h[21]=0.002301205242153545624302059869038423604242
h[22]=-0.001436845304802976126222890402980384903504
h[23]=-0.0003281325194098379713954444017520115075812
h[24]=0.0004394654277686436778385677527317841632289
h[25]=-0.00002561010956654845882729891210949920221664
h[26]=-0.00008204803202453391839095482576282189866136
h[27]=0.00002318681379874595084482068205706277572107
h[28]=0.000006990600985076751273204549700855378627763
h[29]=-0.000004505942477222988194102268206378312129714
h[30]=0.0000003016549609994557415605207594879939763476
h[31]=0.000000295770093331685675497990525881615136787
h[32]=-0.0000000842394844600268017878707129692287706841
h[33]=0.000000007267492968561608110879767441409035034159
