# db18 scaling coefficients
h[0]=0.001576310218440760431540744929939777747671
h[1]=0.01928853172414637705921391715829052419955
h[2]=0.1035884658224235962241910491937253596471
h[3]=0.3146789413370316990571998255652579931787
h[4]=0.5718268077666072234818589370900623419394
h[5]=0.5718016548886513352891119994065965025668
h[6]=0.1472231119699281415750977271081072312558
h[7]=-0.2936540407365587442479030994981150723936
h[8]=-0.2164809340051429711237678625668271471438
h[9]=0.1495339755653777893509301738913667208805
h[10]=0.1670813127632574045149318139950134745324
h[11]=-0.09233188415084628060429372558659459731432
h[12]=-0.1067522466598284855932200581614984861385
h[13]=0.06488721621190544281947577955141911463129
h[14]=0.05705124773853688412090768846499622260596
h[15]=-0.04452614190298232471556143559744653492971
h[16]=-0.02373321039586000103275209582665216110198
h[17]=0.02667070592647059029987908631672020343208
h[18]=0.00626216795430570748523609314449788250199
h[19]=-0.01305148094661200177277636447600807169755
h[20]=0.0001186300338581174657301741592161819084545
h[21]=0.0049433436054667381306655295168029748343
h[22]=-0.001118732666992497072800658855238650182318
h[23]=-0.001340596298336106629517567228251583609823
h[24]=0.0006284656829651457125619449885420838217551
h[25]=0.0002135815619103406884039052814341926025873
h[26]=-0.0001986485523117479485798245416362489554928
h[27]=-0.00000015359171235347246750697703358767171937
h[28]=0.00003741237880740038181092208138035393952304
h[29]=-0.000008520602537446695203919254911655523022438
h[30]=-0.000003332634478885821888782452033341036827312
h[31]=0.000001768712983627615455876328730755375176413
h[32]=-0.00000007691632689885176146000152878539598405817
h[33]=-0.0000001176098767028231698450982356561292561348
h[34]=0.0000000306883586304517480093547829493397537245
h[35]=-0.000000002507934454948598267195173183147126731806
