# db18 scaling coefficients
h[0]=1.576310218440760431540744929939777747671e-3
h[1]=1.928853172414637705921391715829052419955e-2
h[2]=1.035884658224235962241910491937253596471e-1
h[3]=3.146789413370316990571998255652579931787e-1
h[4]=5.718268077666072234818589370900623419394e-1
h[5]=5.718016548886513352891119994065965025668e-1
h[6]=1.472231119699281415750977271081072312558e-1
h[7]=-2.936540407365587442479030994981150723936e-1
h[8]=-2.164809340051429711237678625668271471438e-1
h[9]=1.495339755653777893509301738913667208805e-1
h[10]=1.670813127632574045149318139950134745324e-1
h[11]=-9.233188415084628060429372558659459731432e-2
h[12]=-1.067522466598284855932200581614984861385e-1
h[13]=6.488721621190544281947577955141911463129e-2
h[14]=5.705124773853688412090768846499622260596e-2
h[15]=-4.452614190298232471556143559744653492971e-2
h[16]=-2.373321039586000103275209582665216110198e-2
h[17]=2.667070592647059029987908631672020343208e-2
h[18]=6.26216795430570748523609314449788250199e-3
h[19]=-1.305148094661200177277636447600807169755e-2
h[20]=1.186300338581174657301741592161819084545e-4
h[21]=4.9433436054667381306655295168029748343e-3
h[22]=-1.118732666992497072800658855238650182318e-3
h[23]=-1.340596298336106629517567228251583609823e-3
h[24]=6.284656829651457125619449885420838217551e-4
h[25]=2.135815619103406884039052814341926025873e-4
h[26]=-1.986485523117479485798245416362489554928e-4
h[27]=-1.5359171235347246750697703358767171937e-7
h[28]=3.741237880740038181092208138035393952304e-5
h[29]=-8.520602537446695203919254911655523022438e-6
h[30]=-3.332634478885821888782452033341036827312e-6
h[31]=1.768712983627615455876328730755375176413e-6
h[32]=-7.691632689885176146000152878539598405817e-8
h[33]=-1.176098767028231698450982356561292561348e-7
h[34]=3.06883586304517480093547829493397537245e-8
h[35]=-2.507934454948598267195173183147126731806e-9
