# db19 scaling coefficients
h[0]=0.001108669763181710571099154195209715164245
h[1]=0.01428109845076439737439889152950199234746
h[2]=0.08127811326545955065296306784901624839845
h[3]=0.2643884317408967846748100380289426873862
h[4]=0.5244363774646549153360575975484064626045
h[5]=0.6017045491275378948867077135921802620537
h[6]=0.2608949526510388292872456675310528324173
h[7]=-0.2280913942154826463746325776054637207094
h[8]=-0.2858386317558262418545975695028984237217
h[9]=0.07465226970810326636763433111878819005866
h[10]=0.2123497433062784888090608567059824197077
h[11]=-0.03351854190230287868169388418785731506978
h[12]=-0.1427856950387365749779602731626112812998
h[13]=0.02758435062562866875014743520162198655374
h[14]=0.08690675555581223248847645428808443034785
h[15]=-0.02650123625012304089901835843676387361075
h[16]=-0.04567422627723090805645444214295796017939
h[17]=0.02162376740958504713032984257172372354318
h[18]=0.01937554988917612764637094354457999814497
h[19]=-0.01398838867853514163250401235248662521917
h[20]=-0.005866922281012174726584493436054373773815
h[21]=0.007040747367105243153014511207400620109402
h[22]=0.0007689543592575483559749139148673955163478
h[23]=-0.002687551800701582003957363855070398636534
h[24]=0.0003418086534585957765651657290463808135214
h[25]=0.0007358025205054352070260481905397281875183
h[26]=-0.0002606761356786280057318315130897522790384
h[27]=-0.0001246007917341587753449784408901653990317
h[28]=0.00008711270467219922965416862388191128268413
h[29]=0.000005105950487073886053049222809934231573687
h[30]=-0.00001664017629715494454620677719899198630334
h[31]=0.000003010964316296526339695334454725943632646
h[32]=0.000001531931476691193063931832381086636031203
h[33]=-0.0000006862755657769142701883554613486732854453
h[34]=0.00000001447088298797844542078219863291615420552
h[35]=0.00000004636937775782604223430857728210948898872
h[36]=-0.00000001116402067035825816390504769142472586465
h[37]=0.000000000866684883899761935032301354078212462729
