# db19 scaling coefficients
h[0]=1.108669763181710571099154195209715164245e-3
h[1]=1.428109845076439737439889152950199234746e-2
h[2]=8.127811326545955065296306784901624839845e-2
h[3]=2.643884317408967846748100380289426873862e-1
h[4]=5.244363774646549153360575975484064626045e-1
h[5]=6.017045491275378948867077135921802620537e-1
h[6]=2.608949526510388292872456675310528324173e-1
h[7]=-2.280913942154826463746325776054637207094e-1
h[8]=-2.858386317558262418545975695028984237217e-1
h[9]=7.465226970810326636763433111878819005866e-2
h[10]=2.123497433062784888090608567059824197077e-1
h[11]=-3.351854190230287868169388418785731506978e-2
h[12]=-1.427856950387365749779602731626112812998e-1
h[13]=2.758435062562866875014743520162198655374e-2
h[14]=8.690675555581223248847645428808443034785e-2
h[15]=-2.650123625012304089901835843676387361075e-2
h[16]=-4.567422627723090805645444214295796017939e-2
h[17]=2.162376740958504713032984257172372354318e-2
h[18]=1.937554988917612764637094354457999814497e-2
h[19]=-1.398838867853514163250401235248662521917e-2
h[20]=-5.866922281012174726584493436054373773815e-3
h[21]=7.040747367105243153014511207400620109402e-3
h[22]=7.689543592575483559749139148673955163478e-4
h[23]=-2.687551800701582003957363855070398636534e-3
h[24]=3.418086534585957765651657290463808135214e-4
h[25]=7.358025205054352070260481905397281875183e-4
h[26]=-2.606761356786280057318315130897522790384e-4
h[27]=-1.246007917341587753449784408901653990317e-4
h[28]=8.711270467219922965416862388191128268413e-5
h[29]=5.105950487073886053049222809934231573687e-6
h[30]=-1.664017629715494454620677719899198630334e-5
h[31]=3.010964316296526339695334454725943632646e-6
h[32]=1.531931476691193063931832381086636031203e-6
h[33]=-6.862755657769142701883554613486732854453e-7
h[34]=1.447088298797844542078219863291615420552e-8
h[35]=4.636937775782604223430857728210948898872e-8
h[36]=-1.116402067035825816390504769142472586465e-8
h[37]=8.66684883899761935032301354078212462729e-10
