# db20 scaling coefficients
h[0]=0.0007799536136668463215861994818889370970511
h[1]=0.01054939462495039832454480973015641498232
h[2]=0.06342378045908151497587346582668785136407
h[3]=0.2199421135513970450080335972537209392121
h[4]=0.4726961853109016963710241465101446230758
h[5]=0.6104932389385938201631515660084201906859
h[6]=0.3615022987393310629195602665268631744967
h[7]=-0.1392120880114838725806970545155530518265
h[8]=-0.3267868004340349674031122837905370666717
h[9]=-0.01672708830907700757517174997304297054004
h[10]=0.2282910508199163229728429126648223086438
h[11]=0.03985024645777120219790581076522174181104
h[12]=-0.155458750707267955931530787056246437436
h[13]=-0.02471682733861358401587992299169922262915
h[14]=0.1022917191744425578861013681016866083888
h[15]=0.005632246857307435506953246988215209861567
h[16]=-0.06172289962468045973318658334083283558209
h[17]=0.00587468181181182649130067974208199716721
h[18]=0.03229429953076958175885440860617219117565
h[19]=-0.008789324923901561348753650366700695916503
h[20]=-0.01381052613715192007819606423860356590497
h[21]=0.00672162730225945683533685052140542556052
h[22]=0.004420542387045790963058229526673514088809
h[23]=-0.003581494259609622777556169638358238375765
h[24]=-0.0008315621728225569192482585199373230956924
h[25]=0.001392559619323136323905254999347967283761
h[26]=-0.00005349759843997695051759716377213680036186
h[27]=-0.0003851047486992176060650288501475716463266
h[28]=0.000101532889736702905079748878530605652253
h[29]=0.00006774280828377729558011184406727978221296
h[30]=-0.00003710586183394712864227221271216408416958
h[31]=-0.000004376143862183996810373095822528607606901
h[32]=0.000007241248287673620102843105877497181565469
h[33]=-0.000001011994010018886150340475413756849103197
h[34]=-0.0000006847079597000556894163334787575159759109
h[35]=0.0000002633924226270001084129057791994367121556
h[36]=0.0000000002014322023550512694324757845944026047904
h[37]=-0.00000001814843248299695973210605258227024081459
h[38]=0.000000004056127055551832766099146230616888024627
h[39]=-0.0000000002998836489619319566407767078372705385732
