# db21 scaling coefficients
h[0]=5.488225098526837086776336675992521426751e-4
h[1]=7.776639052354783754338787398088799862511e-3
h[2]=4.924777153817727491399853378340056968104e-2
h[3]=1.813596254403815156260378722764624190932e-1
h[4]=4.196879449393627730946850609089266339974e-1
h[5]=6.015060949350038975629880664020955953067e-1
h[6]=4.445904519276003403643290994523601016151e-1
h[7]=-3.572291961725529045922914178005307189037e-2
h[8]=-3.356640895305295094832978867114363069988e-1
h[9]=-1.123970715684509813515004981340306901642e-1
h[10]=2.115645276808723923846781645238468659431e-1
h[11]=1.152332984396871041993434411681730428103e-1
h[12]=-1.399404249325472249247758764839776903227e-1
h[13]=-8.177594298086382887387303634193790542523e-2
h[14]=9.660039032372422070232189700372539681628e-2
h[15]=4.572340574922879239251202944731235421035e-2
h[16]=-6.497750489373232063332311106008616685749e-2
h[17]=-1.865385920211851534093244412008141266131e-2
h[18]=3.9726835427850441751974644007561268183e-2
h[19]=3.357756390338110842532604766376200760792e-3
h[20]=-2.089205367797907948785235479746212371728e-2
h[21]=2.403470920805434762380632169785689545911e-3
h[22]=8.988824381971911875349463398395464114418e-3
h[23]=-2.891334348588901247375268718015882610845e-3
h[24]=-2.95837403893283128075077022821551095983e-3
h[25]=1.716607040630624138494506282569230126333e-3
h[26]=6.3941850051203021464325437670528654361e-4
h[27]=-6.906711170821016507268939228893784790518e-4
h[28]=-3.196406277680437193708834220804640347637e-5
h[29]=1.93664650416508061532369668985600491058e-4
h[30]=-3.635520250086338309442855006186370752206e-5
h[31]=-3.499665984987447953974079490046597240276e-5
h[32]=1.535482509276049283124233498646050472096e-5
h[33]=2.790330539814487046106169582691767916284e-6
h[34]=-3.090017164545699197158555936852697325986e-6
h[35]=3.166095442367030556603889009833954440059e-7
h[36]=2.992136630464852794401294607536813682771e-7
h[37]=-1.000400879030597332045460600516621971679e-7
h[38]=-2.254014974673330131563184851456825991618e-9
h[39]=7.058033541231121859020947976903904685465e-9
h[40]=-1.471954197650365265189549600816698778213e-9
h[41]=1.038805571023706553035373138760372703493e-10
