# db21 scaling coefficients
h[0]=0.0005488225098526837086776336675992521426751
h[1]=0.007776639052354783754338787398088799862511
h[2]=0.04924777153817727491399853378340056968104
h[3]=0.1813596254403815156260378722764624190932
h[4]=0.4196879449393627730946850609089266339974
h[5]=0.6015060949350038975629880664020955953067
h[6]=0.4445904519276003403643290994523601016151
h[7]=-0.03572291961725529045922914178005307189037
h[8]=-0.3356640895305295094832978867114363069988
h[9]=-0.1123970715684509813515004981340306901642
h[10]=0.2115645276808723923846781645238468659431
h[11]=0.1152332984396871041993434411681730428103
h[12]=-0.1399404249325472249247758764839776903227
h[13]=-0.08177594298086382887387303634193790542523
h[14]=0.09660039032372422070232189700372539681628
h[15]=0.04572340574922879239251202944731235421035
h[16]=-0.06497750489373232063332311106008616685749
h[17]=-0.01865385920211851534093244412008141266131
h[18]=0.039726835427850441751974644007561268183
h[19]=0.003357756390338110842532604766376200760792
h[20]=-0.02089205367797907948785235479746212371728
h[21]=0.002403470920805434762380632169785689545911
h[22]=0.008988824381971911875349463398395464114418
h[23]=-0.002891334348588901247375268718015882610845
h[24]=-0.00295837403893283128075077022821551095983
h[25]=0.001716607040630624138494506282569230126333
h[26]=0.00063941850051203021464325437670528654361
h[27]=-0.0006906711170821016507268939228893784790518
h[28]=-0.00003196406277680437193708834220804640347637
h[29]=0.000193664650416508061532369668985600491058
h[30]=-0.00003635520250086338309442855006186370752206
h[31]=-0.00003499665984987447953974079490046597240276
h[32]=0.00001535482509276049283124233498646050472096
h[33]=0.000002790330539814487046106169582691767916284
h[34]=-0.000003090017164545699197158555936852697325986
h[35]=0.0000003166095442367030556603889009833954440059
h[36]=0.0000002992136630464852794401294607536813682771
h[37]=-0.0000001000400879030597332045460600516621971679
h[38]=-0.000000002254014974673330131563184851456825991618
h[39]=0.000000007058033541231121859020947976903904685465
h[40]=-0.000000001471954197650365265189549600816698778213
h[41]=0.0000000001038805571023706553035373138760372703493
