# db22 scaling coefficients
h[0]=0.0003862632314910982158524358900615460368878
h[1]=0.005721854631334539120809783403484493333555
h[2]=0.03806993723641108494769873046391825574448
h[3]=0.1483675408901114285014404448710249837386
h[4]=0.3677286834460374788614690818452372827431
h[5]=0.5784327310095244271421181831735444106385
h[6]=0.5079010906221639018391523325390716836569
h[7]=0.07372450118363015165570139016530653113725
h[8]=-0.3127265804282961918033226222621788537078
h[9]=-0.2005684061048870939324361244042200174133
h[10]=0.1640931881067664818606223226286885712554
h[11]=0.1799731879928913037252154295313083168388
h[12]=-0.09711079840911470969274209179691733251457
h[13]=-0.1317681376866834107513648518146838345478
h[14]=0.06807631439273221556739202147004580559367
h[15]=0.08455737636682607503362813659356786494358
h[16]=-0.05136425429744413245727949984018884707909
h[17]=-0.04653081182750671347875833607846979997826
h[18]=0.03697084662069802057615318892988581825638
h[19]=0.02058670762756536044060249710676656807282
h[20]=-0.02348000134449318868560142854519364987364
h[21]=-0.006213782849364658499069336123807608293123
h[22]=0.01256472521834337406887017835495604463815
h[23]=0.0003001373985076435951229129255588255746905
h[24]=-0.005455691986156717076595353163071679107869
h[25]=0.001044260739186025323350755659184734060807
h[26]=0.001827010495657279080112597436850157110235
h[27]=-0.0007706909881231196232880372722955519781656
h[28]=-0.0004237873998391800799531947768003976978197
h[29]=0.0003286094142136787341983758471405935405823
h[30]=0.00004345899904532003379046992625575076092824
h[31]=-0.00009405223634815760421845190098352673647881
h[32]=0.0000113743496621259317273614427486663921034
h[33]=0.0000173737569575618935616356507450540590686
h[34]=-0.00000616672931646757837215225166842297915217
h[35]=-0.000001565179131995160159307426993578204733378
h[36]=0.0000012951820573188775738897112323450681478
h[37]=-0.00000008779879873361286276888117046153049053917
h[38]=-0.0000001283336228751754417819693932114064887075
h[39]=0.00000003761228749337362366156711648187743399164
h[40]=0.000000001680171404922988885554331183691280245962
h[41]=-0.000000002729623146632976083449327361739104754443
h[42]=0.0000000005335938821667489905169783227036804533253
h[43]=-0.00000000003602113484339554703794807810939301847299
