# db23 scaling coefficients
h[0]=0.0002719041941282888414192673609703302357098
h[1]=0.004202748893183833538390034372523511472345
h[2]=0.02931000365788411514736204018929480427874
h[3]=0.1205155317839719336306053895611899089004
h[4]=0.3184508138528652363416527748460472152791
h[5]=0.5449311478735204282674240672421984387504
h[6]=0.5510185172419193913452724227212507720514
h[7]=0.1813926253638400136259098302138614937264
h[8]=-0.26139214803064411188567957352101184139
h[9]=-0.2714020986078430556604069575184718123764
h[10]=0.09212540708241805260646030910734894258578
h[11]=0.223573658242040231714951396082256171769
h[12]=-0.03303744709428937875006612792463031409462
h[13]=-0.1640113215318759250156057837165276039181
h[14]=0.02028307457564929974897286607551313323419
h[15]=0.1122970436181072886950734465075645977755
h[16]=-0.02112621235622724100704783293549467048999
h[17]=-0.070207391574901109462042190119575653439
h[18]=0.02176585683449997560776882472168730165799
h[19]=0.03849533252256919901057154320407596073181
h[20]=-0.01852351365015615979794689960740674782818
h[21]=-0.01753710100303584537915846117408613551148
h[22]=0.01275194393152828646243157404474947115053
h[23]=0.006031840650024162816289878206037841640814
h[24]=-0.007075319273706152814194039481466556204493
h[25]=-0.001134865473356251691289337120013286756337
h[26]=0.003122876449818144997419144765125750522438
h[27]=-0.0002465014005163512031940473100375377210863
h[28]=-0.001061231228886651321139357625683805642194
h[29]=0.000319420492709901150367653035969236699093
h[30]=0.0002567624520078737205563856675376636092315
h[31]=-0.0001500218503490340967673163290447832236259
h[32]=-0.00003378894834120903434270962452674534330904
h[33]=0.00004426071203109246077621875303440935335702
h[34]=-0.000002635207889249186237209225933170897825432
h[35]=-0.000008347875567854625544366043748844183086766
h[36]=0.00000239756954684024005740373950752564123951
h[37]=0.000000814757483477944777808544304142288143986
h[38]=-0.0000005339005405209421154584783682848780965054
h[39]=0.00000001853091785633965019353699857864654181729
h[40]=0.00000005417549179539278736503176166323685597634
h[41]=-0.00000001399935495437998845130909687361847103274
h[42]=-0.0000000009472885901812050535221582074673490573092
h[43]=0.000000001050446453696543404071105111096438573423
h[44]=-0.0000000001932405111313417542192651899622541612314
h[45]=0.00000000001250203302351040941433216718217504240541
