# db24 scaling coefficients
h[0]=1.914358009475513695026138336474115599435e-4
h[1]=3.082081714905494436206199424544404720985e-3
h[2]=2.248233994971641072358415157184825628227e-2
h[3]=9.726223583362519663806545734008355914528e-2
h[4]=2.729089160677263268706137134412557268752e-1
h[5]=5.043710408399249919771876890402814109247e-1
h[6]=5.749392210955419968460807901923407033145e-1
h[7]=2.809855532337118833442626085115402941843e-1
h[8]=-1.87271406885156237698188715977579146906e-1
h[9]=-3.179430789993627375453948489797707550898e-1
h[10]=4.776613684344728187950198323031360866349e-3
h[11]=2.392373887803108551973268291945824822215e-1
h[12]=4.252872964148383258147364472170645232684e-2
h[13]=-1.711753513703468896897638515080572393949e-1
h[14]=-3.877717357792001620177594726199572688446e-2
h[15]=1.210163034692242362312637311149062286659e-1
h[16]=2.098011370914481534980883827326017063122e-2
h[17]=-8.216165420800166702291466006164189460917e-2
h[18]=-4.57843624181922163799751633976506882526e-3
h[19]=5.130162003998087915555334881398688958843e-2
h[20]=-4.944709428125628299815920032649550811878e-3
h[21]=-2.821310709490189098113895361900699228887e-2
h[22]=7.661721881646585897329899904308764405385e-3
h[23]=1.304997087108573583052494067883717533043e-2
h[24]=-6.291435370018187780721843581169343900864e-3
h[25]=-4.746568786323113800477796959513558401732e-3
h[26]=3.736046178282523345179052160810332868725e-3
h[27]=1.153764936839481504858282495202271984454e-3
h[28]=-1.69645681897482439427453463641211624308e-3
h[29]=-4.416184856141520063365958900079406737636e-5
h[30]=5.861270593183109933716735450272894035426e-4
h[31]=-1.181233237969554740613021227756568966807e-4
h[32]=-1.460079817762616838924301818082729036315e-4
h[33]=6.559388639305634085303738560455061974369e-5
h[34]=2.183241460466558363365044032984257709791e-5
h[35]=-2.022888292612697682860859987200455702615e-5
h[36]=1.341157750809114719319937553186023660581e-8
h[37]=3.901100338597702610409014129024223853128e-6
h[38]=-8.980253143938407724149926669980791166378e-7
h[39]=-4.032507756879971624098983247358983425236e-7
h[40]=2.166339653278574639176393978510246335479e-7
h[41]=-5.057645419792500308492508924343248979318e-10
h[42]=-2.255740388176086107368821674947175804005e-8
h[43]=5.157776789671999638950774266313208715015e-9
h[44]=4.748375824256231118094453549799175824527e-10
h[45]=-4.024658644584379774251499574468195118602e-10
h[46]=6.991801157638230974132696433509625934022e-11
h[47]=-4.342782503803710247259037552886749457951e-12
