# db24 scaling coefficients
h[0]=0.0001914358009475513695026138336474115599435
h[1]=0.003082081714905494436206199424544404720985
h[2]=0.02248233994971641072358415157184825628227
h[3]=0.09726223583362519663806545734008355914528
h[4]=0.2729089160677263268706137134412557268752
h[5]=0.5043710408399249919771876890402814109247
h[6]=0.5749392210955419968460807901923407033145
h[7]=0.2809855532337118833442626085115402941843
h[8]=-0.187271406885156237698188715977579146906
h[9]=-0.3179430789993627375453948489797707550898
h[10]=0.004776613684344728187950198323031360866349
h[11]=0.2392373887803108551973268291945824822215
h[12]=0.04252872964148383258147364472170645232684
h[13]=-0.1711753513703468896897638515080572393949
h[14]=-0.03877717357792001620177594726199572688446
h[15]=0.1210163034692242362312637311149062286659
h[16]=0.02098011370914481534980883827326017063122
h[17]=-0.08216165420800166702291466006164189460917
h[18]=-0.00457843624181922163799751633976506882526
h[19]=0.05130162003998087915555334881398688958843
h[20]=-0.004944709428125628299815920032649550811878
h[21]=-0.02821310709490189098113895361900699228887
h[22]=0.007661721881646585897329899904308764405385
h[23]=0.01304997087108573583052494067883717533043
h[24]=-0.006291435370018187780721843581169343900864
h[25]=-0.004746568786323113800477796959513558401732
h[26]=0.003736046178282523345179052160810332868725
h[27]=0.001153764936839481504858282495202271984454
h[28]=-0.00169645681897482439427453463641211624308
h[29]=-0.00004416184856141520063365958900079406737636
h[30]=0.0005861270593183109933716735450272894035426
h[31]=-0.0001181233237969554740613021227756568966807
h[32]=-0.0001460079817762616838924301818082729036315
h[33]=0.00006559388639305634085303738560455061974369
h[34]=0.00002183241460466558363365044032984257709791
h[35]=-0.00002022888292612697682860859987200455702615
h[36]=0.00000001341157750809114719319937553186023660581
h[37]=0.000003901100338597702610409014129024223853128
h[38]=-0.0000008980253143938407724149926669980791166378
h[39]=-0.0000004032507756879971624098983247358983425236
h[40]=0.0000002166339653278574639176393978510246335479
h[41]=-0.0000000005057645419792500308492508924343248979318
h[42]=-0.00000002255740388176086107368821674947175804005
h[43]=0.000000005157776789671999638950774266313208715015
h[44]=0.0000000004748375824256231118094453549799175824527
h[45]=-0.0000000004024658644584379774251499574468195118602
h[46]=0.00000000006991801157638230974132696433509625934022
h[47]=-0.000000000004342782503803710247259037552886749457951
