# db25 scaling coefficients
h[0]=1.34802979347018899457848924715935605537e-4
h[1]=2.25695959185477952012139104962805614927e-3
h[2]=1.718674125404015533817186914954848902241e-2
h[3]=7.803586287213267559750659320481403668422e-2
h[4]=2.316935078860218199900621518057089104946e-1
h[5]=4.59683415146094593789697386453965994401e-1
h[6]=5.816368967460577833534892038757085635756e-1
h[7]=3.678850748029466984371319740855532278671e-1
h[8]=-9.717464096463814276130048169040892607068e-2
h[9]=-3.36473079641746130956211014884884521893e-1
h[10]=-8.758761458765466140226687673880006154267e-2
h[11]=2.245378197451017129525176510409543155931e-1
h[12]=1.181552867199598604563067876819931882639e-1
h[13]=-1.50560213750579630951809420683143327085e-1
h[14]=-9.85086152899602215372595282268672941042e-2
h[15]=1.066338050184779528831274540522414711302e-1
h[16]=6.67521644940186066689598307244398469733e-2
h[17]=-7.708411105657419356208567671699032054873e-2
h[18]=-3.717396286112250887598137324046870459878e-2
h[19]=5.361790939877949960629041419546536897037e-2
h[20]=1.554260592910229163981295854603203625062e-2
h[21]=-3.404232046065334099320628584033729153498e-2
h[22]=-3.079836794847036661636693963570288706232e-3
h[23]=1.892280447662762841086581178691039363675e-2
h[24]=-1.989425782202736494289461896386235348902e-3
h[25]=-8.8607026180463683990130642524565569692e-3
h[26]=2.726936258738495739871469244610042793734e-3
h[27]=3.322707773973191780118197357194829286271e-3
h[28]=-1.842484290203331280837780430014195744814e-3
h[29]=-8.99977423746295049108538252400842960431e-4
h[30]=8.772581936748274843488806190175921376284e-4
h[31]=1.153212440466300456460181455345639872216e-4
h[32]=-3.098800990984697989530544245356271119417e-4
h[33]=3.54371452327605900528428983055925980954e-5
h[34]=7.904640003965528255137496303166001735463e-5
h[35]=-2.733048119960041746353244004225286857636e-5
h[36]=-1.27719529319978380414490384843460569099e-5
h[37]=8.990661393062588905369930197413951232059e-6
h[38]=5.232827708153076417963912065899772684404e-7
h[39]=-1.779201332653634562565948556039009149459e-6
h[40]=3.212037518862519094895005816661093988294e-7
h[41]=1.92280679014237160127810424471126742076e-7
h[42]=-8.656941732278507163388031517930974947984e-8
h[43]=-2.611598556111770864259843089151782206923e-9
h[44]=9.279224480081372372250073354726511359667e-9
h[45]=-1.880415755062155537197782595740975189878e-9
h[46]=-2.228474910228168899314793352064795957306e-10
h[47]=1.535901570162657197021927739530721955859e-10
h[48]=-2.527625163465644811048864286169758128142e-11
h[49]=1.509692082823910867903367712096001664979e-12
