# db25 scaling coefficients
h[0]=0.000134802979347018899457848924715935605537
h[1]=0.00225695959185477952012139104962805614927
h[2]=0.01718674125404015533817186914954848902241
h[3]=0.07803586287213267559750659320481403668422
h[4]=0.2316935078860218199900621518057089104946
h[5]=0.459683415146094593789697386453965994401
h[6]=0.5816368967460577833534892038757085635756
h[7]=0.3678850748029466984371319740855532278671
h[8]=-0.09717464096463814276130048169040892607068
h[9]=-0.336473079641746130956211014884884521893
h[10]=-0.08758761458765466140226687673880006154267
h[11]=0.2245378197451017129525176510409543155931
h[12]=0.1181552867199598604563067876819931882639
h[13]=-0.150560213750579630951809420683143327085
h[14]=-0.0985086152899602215372595282268672941042
h[15]=0.1066338050184779528831274540522414711302
h[16]=0.0667521644940186066689598307244398469733
h[17]=-0.07708411105657419356208567671699032054873
h[18]=-0.03717396286112250887598137324046870459878
h[19]=0.05361790939877949960629041419546536897037
h[20]=0.01554260592910229163981295854603203625062
h[21]=-0.03404232046065334099320628584033729153498
h[22]=-0.003079836794847036661636693963570288706232
h[23]=0.01892280447662762841086581178691039363675
h[24]=-0.001989425782202736494289461896386235348902
h[25]=-0.0088607026180463683990130642524565569692
h[26]=0.002726936258738495739871469244610042793734
h[27]=0.003322707773973191780118197357194829286271
h[28]=-0.001842484290203331280837780430014195744814
h[29]=-0.000899977423746295049108538252400842960431
h[30]=0.0008772581936748274843488806190175921376284
h[31]=0.0001153212440466300456460181455345639872216
h[32]=-0.0003098800990984697989530544245356271119417
h[33]=0.0000354371452327605900528428983055925980954
h[34]=0.00007904640003965528255137496303166001735463
h[35]=-0.00002733048119960041746353244004225286857636
h[36]=-0.0000127719529319978380414490384843460569099
h[37]=0.000008990661393062588905369930197413951232059
h[38]=0.0000005232827708153076417963912065899772684404
h[39]=-0.000001779201332653634562565948556039009149459
h[40]=0.0000003212037518862519094895005816661093988294
h[41]=0.000000192280679014237160127810424471126742076
h[42]=-0.00000008656941732278507163388031517930974947984
h[43]=-0.000000002611598556111770864259843089151782206923
h[44]=0.000000009279224480081372372250073354726511359667
h[45]=-0.000000001880415755062155537197782595740975189878
h[46]=-0.0000000002228474910228168899314793352064795957306
h[47]=0.0000000001535901570162657197021927739530721955859
h[48]=-0.00000000002527625163465644811048864286169758128142
h[49]=0.000000000001509692082823910867903367712096001664979
