# db26 scaling coefficients
h[0]=0.00009493795750710592117802731381148054398462
h[1]=0.001650520233532988247022384885622071050555
h[2]=0.0130975542925585008205777024010679915408
h[3]=0.06227474402514960484193581705107415937691
h[4]=0.1950394387167700994245891508369324694704
h[5]=0.4132929622783563686116108686666547082847
h[6]=0.5736690430342222603195557147853022060758
h[7]=0.4391583117891662321931477565794105633815
h[8]=0.001774076780986685727823533562031556893227
h[9]=-0.3263845936917800216385340830055349953448
h[10]=-0.1748399612893925042664835683606584215249
h[11]=0.1812918323111226960705459766025430918716
h[12]=0.182755409589672374653753383203328683969
h[13]=-0.1043239002859270439148009137202747658421
h[14]=-0.1479771932752544935782314546369458188244
h[15]=0.06982318611329236513756591683950208955111
h[16]=0.1064824052498086303236593797715344405836
h[17]=-0.0534485616814831914949357726939007421396
h[18]=-0.06865475960403591525454725258715351280947
h[19]=0.04223218579637203541206570902753288247791
h[20]=0.03853571597111186425832144567362328142995
h[21]=-0.03137811036306775484244644776337594435094
h[22]=-0.01776090356835818354094298625884058170354
h[23]=0.02073492017996382475887790073068984224515
h[24]=0.00582958055531888797193931574759661303848
h[25]=-0.01178549790619302893728624468402138072504
h[26]=-0.0005287383992626814439198630765217969804966
h[27]=0.005601947239423804853206514239940474788977
h[28]=-0.0009390582504738289646165698675070641765811
h[29]=-0.002145530281567620980305401403432221668848
h[30]=0.0008383488056543616046381924054554052104938
h[31]=0.0006161382204574344193703789012696411561215
h[32]=-0.0004319557074261807466712901913481943478522
h[33]=-0.0001060574748283803889966150803551837402554
h[34]=0.0001574795238607493590547765666590811258088
h[35]=-0.000005277795493037868976293566636015627609249
h[36]=-0.00004109673996391477816326502438997466532823
h[37]=0.00001074221540872195031273584409245060623105
h[38]=0.000007000078682964986734859102495210684809644
h[39]=-0.000003887400161856795187587790410706550576034
h[40]=-0.0000004650463220640262639231145944536092973447
h[41]=0.000000793921063370995208837345925506736079337
h[42]=-0.0000001079004237578671411922961583845716126061
h[43]=-0.00000008904466370168590769052983362721567202751
h[44]=0.00000003407795621290730008673832107214820587992
h[45]=0.000000002169328259850323106986222296525930099936
h[46]=-0.00000000377601047853232432818404366755657638564
h[47]=0.0000000006780047245828636668305808192607091517605
h[48]=0.0000000001002303191046526913509281844136258004034
h[49]=-0.00000000005840408185341171468465492447799819262905
h[50]=0.000000000009130510016371796243923232926650252570239
h[51]=-5.251871224244435037810503452564279828539e-13
