# db26 scaling coefficients
h[0]=9.493795750710592117802731381148054398462e-5
h[1]=1.650520233532988247022384885622071050555e-3
h[2]=1.30975542925585008205777024010679915408e-2
h[3]=6.227474402514960484193581705107415937691e-2
h[4]=1.950394387167700994245891508369324694704e-1
h[5]=4.132929622783563686116108686666547082847e-1
h[6]=5.736690430342222603195557147853022060758e-1
h[7]=4.391583117891662321931477565794105633815e-1
h[8]=1.774076780986685727823533562031556893227e-3
h[9]=-3.263845936917800216385340830055349953448e-1
h[10]=-1.748399612893925042664835683606584215249e-1
h[11]=1.812918323111226960705459766025430918716e-1
h[12]=1.82755409589672374653753383203328683969e-1
h[13]=-1.043239002859270439148009137202747658421e-1
h[14]=-1.479771932752544935782314546369458188244e-1
h[15]=6.982318611329236513756591683950208955111e-2
h[16]=1.064824052498086303236593797715344405836e-1
h[17]=-5.34485616814831914949357726939007421396e-2
h[18]=-6.865475960403591525454725258715351280947e-2
h[19]=4.223218579637203541206570902753288247791e-2
h[20]=3.853571597111186425832144567362328142995e-2
h[21]=-3.137811036306775484244644776337594435094e-2
h[22]=-1.776090356835818354094298625884058170354e-2
h[23]=2.073492017996382475887790073068984224515e-2
h[24]=5.82958055531888797193931574759661303848e-3
h[25]=-1.178549790619302893728624468402138072504e-2
h[26]=-5.287383992626814439198630765217969804966e-4
h[27]=5.601947239423804853206514239940474788977e-3
h[28]=-9.390582504738289646165698675070641765811e-4
h[29]=-2.145530281567620980305401403432221668848e-3
h[30]=8.383488056543616046381924054554052104938e-4
h[31]=6.161382204574344193703789012696411561215e-4
h[32]=-4.319557074261807466712901913481943478522e-4
h[33]=-1.060574748283803889966150803551837402554e-4
h[34]=1.574795238607493590547765666590811258088e-4
h[35]=-5.277795493037868976293566636015627609249e-6
h[36]=-4.109673996391477816326502438997466532823e-5
h[37]=1.074221540872195031273584409245060623105e-5
h[38]=7.000078682964986734859102495210684809644e-6
h[39]=-3.887400161856795187587790410706550576034e-6
h[40]=-4.650463220640262639231145944536092973447e-7
h[41]=7.93921063370995208837345925506736079337e-7
h[42]=-1.079004237578671411922961583845716126061e-7
h[43]=-8.904466370168590769052983362721567202751e-8
h[44]=3.407795621290730008673832107214820587992e-8
h[45]=2.169328259850323106986222296525930099936e-9
h[46]=-3.77601047853232432818404366755657638564e-9
h[47]=6.780047245828636668305808192607091517605e-10
h[48]=1.002303191046526913509281844136258004034e-10
h[49]=-5.840408185341171468465492447799819262905e-11
h[50]=9.130510016371796243923232926650252570239e-12
h[51]=-5.251871224244435037810503452564279828539e-13
