# db27 scaling coefficients
h[0]=0.00006687131385431931734918880680779563307676
h[1]=0.001205531231673213234251999812212394463872
h[2]=0.009952588780876619771874091297340545740163
h[3]=0.04945259998290488004302995584228917712171
h[4]=0.1629220275023933206396286389387812803674
h[5]=0.3671102141253898226423388094379126394383
h[6]=0.5538498609904800487605460395549044755069
h[7]=0.4934061226779989979265447084358038959373
h[8]=0.1028408550618229112710739475157388764479
h[9]=-0.2897168033145948463175311101489473923262
h[10]=-0.2482645819032605667810198368127693701263
h[11]=0.1148230195177853576326445213787661879971
h[12]=0.2272732884141708265275037216925482827044
h[13]=-0.0387864186318023106244334684366181707806
h[14]=-0.1780317409590085821070366277249759321269
h[15]=0.01579939746024048431173907799261019471879
h[16]=0.1311979717171553289711406975836688896452
h[17]=-0.01406275155580876537026622167053147161846
h[18]=-0.09102290652956591798241345515773322449831
h[19]=0.01731101826549371089085675445961947677452
h[20]=0.05796940573471798814748840657698008349463
h[21]=-0.01851249356199807710545837861298826718763
h[22]=-0.03273906663102087145481936428049519742538
h[23]=0.01614696692239566682272152627542980896528
h[24]=0.01566559564892457873003263983940819950829
h[25]=-0.01157718645897628140054089958116866381056
h[26]=-0.005862096345462925972966025215266179082657
h[27]=0.006856635609684880675273184141746359000591
h[28]=0.001342626877303679609082208800217479591903
h[29]=-0.003332854469520006162763300141047111065412
h[30]=0.0001457529625931728587128588244152604734177
h[31]=0.001301177450244135139135787970279897042994
h[32]=-0.0003418351226915427611946547437228006377897
h[33]=-0.0003879018574101327604369144470124819695479
h[34]=0.000201971987969032685710420879127239031516
h[35]=0.00007660058387068576876674274961751262847965
h[36]=-0.00007711145517797584208411720507329584053383
h[37]=-0.000003517483614907445391752737841583832374184
h[38]=0.00002063442647736885318487206413360228908559
h[39]=-0.000003901164070638425528170558032557368703418
h[40]=-0.000003657500908187104997045760131046655906828
h[41]=0.000001634369624725637835424610743915128591989
h[42]=0.0000003050880686251999094242671997731089918322
h[43]=-0.0000003472468147394389269364673179891460601331
h[44]=0.00000003286558968055159530983261866450459360075
h[45]=0.00000004026255052866908637178682747490340533992
h[46]=-0.00000001321332273990056558848617809101876846858
h[47]=-0.000000001309465606856955151282041809232358209226
h[48]=0.000000001521614984778521740775073159445241799353
h[49]=-0.0000000002415526928011130660506395791946234018674
h[50]=-0.00000000004374986224293654395069947682013996351823
h[51]=0.00000000002213662088067662485181472969374945928904
h[52]=-0.000000000003295790122476585807069953975043096139541
h[53]=1.828188352882424933624530026056448539377e-13
