# db27 scaling coefficients
h[0]=6.687131385431931734918880680779563307676e-5
h[1]=1.205531231673213234251999812212394463872e-3
h[2]=9.952588780876619771874091297340545740163e-3
h[3]=4.945259998290488004302995584228917712171e-2
h[4]=1.629220275023933206396286389387812803674e-1
h[5]=3.671102141253898226423388094379126394383e-1
h[6]=5.538498609904800487605460395549044755069e-1
h[7]=4.934061226779989979265447084358038959373e-1
h[8]=1.028408550618229112710739475157388764479e-1
h[9]=-2.897168033145948463175311101489473923262e-1
h[10]=-2.482645819032605667810198368127693701263e-1
h[11]=1.148230195177853576326445213787661879971e-1
h[12]=2.272732884141708265275037216925482827044e-1
h[13]=-3.87864186318023106244334684366181707806e-2
h[14]=-1.780317409590085821070366277249759321269e-1
h[15]=1.579939746024048431173907799261019471879e-2
h[16]=1.311979717171553289711406975836688896452e-1
h[17]=-1.406275155580876537026622167053147161846e-2
h[18]=-9.102290652956591798241345515773322449831e-2
h[19]=1.731101826549371089085675445961947677452e-2
h[20]=5.796940573471798814748840657698008349463e-2
h[21]=-1.851249356199807710545837861298826718763e-2
h[22]=-3.273906663102087145481936428049519742538e-2
h[23]=1.614696692239566682272152627542980896528e-2
h[24]=1.566559564892457873003263983940819950829e-2
h[25]=-1.157718645897628140054089958116866381056e-2
h[26]=-5.862096345462925972966025215266179082657e-3
h[27]=6.856635609684880675273184141746359000591e-3
h[28]=1.342626877303679609082208800217479591903e-3
h[29]=-3.332854469520006162763300141047111065412e-3
h[30]=1.457529625931728587128588244152604734177e-4
h[31]=1.301177450244135139135787970279897042994e-3
h[32]=-3.418351226915427611946547437228006377897e-4
h[33]=-3.879018574101327604369144470124819695479e-4
h[34]=2.01971987969032685710420879127239031516e-4
h[35]=7.660058387068576876674274961751262847965e-5
h[36]=-7.711145517797584208411720507329584053383e-5
h[37]=-3.517483614907445391752737841583832374184e-6
h[38]=2.063442647736885318487206413360228908559e-5
h[39]=-3.901164070638425528170558032557368703418e-6
h[40]=-3.657500908187104997045760131046655906828e-6
h[41]=1.634369624725637835424610743915128591989e-6
h[42]=3.050880686251999094242671997731089918322e-7
h[43]=-3.472468147394389269364673179891460601331e-7
h[44]=3.286558968055159530983261866450459360075e-8
h[45]=4.026255052866908637178682747490340533992e-8
h[46]=-1.321332273990056558848617809101876846858e-8
h[47]=-1.309465606856955151282041809232358209226e-9
h[48]=1.521614984778521740775073159445241799353e-9
h[49]=-2.415526928011130660506395791946234018674e-10
h[50]=-4.374986224293654395069947682013996351823e-11
h[51]=2.213662088067662485181472969374945928904e-11
h[52]=-3.295790122476585807069953975043096139541e-12
h[53]=1.828188352882424933624530026056448539377e-13
