# db28 scaling coefficients
h[0]=4.710807775014051101066545468288837625869e-5
h[1]=8.794985159843870273564636742144073059159e-4
h[2]=7.542650377646859177160195786201116927568e-3
h[3]=3.90926081154053442609208379440376811133e-2
h[4]=1.351379142536410450770749411679708279922e-1
h[5]=3.22563361285522425731848613903059670217e-1
h[6]=5.249982316303355562348293243640252929544e-1
h[7]=5.305162934414858075256978195354516449403e-1
h[8]=2.001761440459844380384404537971725815971e-1
h[9]=-2.304989540475825257279397658067038304888e-1
h[10]=-3.013278095326417816909366061441334075444e-1
h[11]=3.285787916338710468450547883547348694255e-2
h[12]=2.45808151373759553575294996086646613224e-1
h[13]=3.690688531571127205290633425993077868844e-2
h[14]=-1.828773307329849166920408764650763092869e-1
h[15]=-4.683823374455167616514752420549419665216e-2
h[16]=1.346275679102260877490923315484152662988e-1
h[17]=3.447863127509970524678534595639646616244e-2
h[18]=-9.768535580565244174963692133038973587006e-2
h[19]=-1.734192283130589908795581592406238282931e-2
h[20]=6.774789550190933956165341752699717255041e-2
h[21]=3.448018955540951137600471926079622335842e-3
h[22]=-4.333336861608628393863254980828284403766e-2
h[23]=4.431732910062988320487418656322338284504e-3
h[24]=2.468806001015186586264188361362046240244e-2
h[25]=-6.815549764552309639259447104811254179605e-3
h[26]=-1.206359196821849005842466619530619474645e-2
h[27]=5.838816627748944864497370576838809711476e-3
h[28]=4.784863112454241718009916669120329848973e-3
h[29]=-3.725461247074254799171427871442937099026e-3
h[30]=-1.360373845639692436577650137133777929659e-3
h[31]=1.875998668202795626152766912508562385106e-3
h[32]=1.415672393140464257573780581396205840942e-4
h[33]=-7.486749559114629991320679819683227355747e-4
h[34]=1.154656063658921251969297916771881248143e-4
h[35]=2.295790982233456202366621544054366855729e-4
h[36]=-8.903901490044488099517361247378396756893e-5
h[37]=-4.907713416190250858324783990436748073855e-5
h[38]=3.641401211050802781223450761733180188912e-5
h[39]=4.638664981394294654002871426476885751051e-6
h[40]=-1.004326041333422601781848560432120920635e-5
h[41]=1.247900317574834146052381692752796047052e-6
h[42]=1.840363734517769191684379309039277810351e-6
h[43]=-6.670215479954892588747450458085225880097e-7
h[44]=-1.757461173209842779903676264971918635871e-7
h[45]=1.490660013535362170989340065033061951961e-7
h[46]=-8.26238731562655696596642924360098489965e-9
h[47]=-1.784138690875710077191713941441263246561e-8
h[48]=5.044047056383436444631252840057862002264e-9
h[49]=6.94454032894622695297670471867769752541e-10
h[50]=-6.07704124722901022476024530559630780383e-10
h[51]=8.492220011056382105461206077240377024404e-11
h[52]=1.86736726378339041896387914617545237694e-11
h[53]=-8.365490471258800799349289794397908900767e-12
h[54]=1.188850533405901520842321749021089497204e-12
h[55]=-6.367772354714857335632692092267254266369e-14
