# db28 scaling coefficients
h[0]=0.00004710807775014051101066545468288837625869
h[1]=0.0008794985159843870273564636742144073059159
h[2]=0.007542650377646859177160195786201116927568
h[3]=0.0390926081154053442609208379440376811133
h[4]=0.1351379142536410450770749411679708279922
h[5]=0.322563361285522425731848613903059670217
h[6]=0.5249982316303355562348293243640252929544
h[7]=0.5305162934414858075256978195354516449403
h[8]=0.2001761440459844380384404537971725815971
h[9]=-0.2304989540475825257279397658067038304888
h[10]=-0.3013278095326417816909366061441334075444
h[11]=0.03285787916338710468450547883547348694255
h[12]=0.245808151373759553575294996086646613224
h[13]=0.03690688531571127205290633425993077868844
h[14]=-0.1828773307329849166920408764650763092869
h[15]=-0.04683823374455167616514752420549419665216
h[16]=0.1346275679102260877490923315484152662988
h[17]=0.03447863127509970524678534595639646616244
h[18]=-0.09768535580565244174963692133038973587006
h[19]=-0.01734192283130589908795581592406238282931
h[20]=0.06774789550190933956165341752699717255041
h[21]=0.003448018955540951137600471926079622335842
h[22]=-0.04333336861608628393863254980828284403766
h[23]=0.004431732910062988320487418656322338284504
h[24]=0.02468806001015186586264188361362046240244
h[25]=-0.006815549764552309639259447104811254179605
h[26]=-0.01206359196821849005842466619530619474645
h[27]=0.005838816627748944864497370576838809711476
h[28]=0.004784863112454241718009916669120329848973
h[29]=-0.003725461247074254799171427871442937099026
h[30]=-0.001360373845639692436577650137133777929659
h[31]=0.001875998668202795626152766912508562385106
h[32]=0.0001415672393140464257573780581396205840942
h[33]=-0.0007486749559114629991320679819683227355747
h[34]=0.0001154656063658921251969297916771881248143
h[35]=0.0002295790982233456202366621544054366855729
h[36]=-0.00008903901490044488099517361247378396756893
h[37]=-0.00004907713416190250858324783990436748073855
h[38]=0.00003641401211050802781223450761733180188912
h[39]=0.000004638664981394294654002871426476885751051
h[40]=-0.00001004326041333422601781848560432120920635
h[41]=0.000001247900317574834146052381692752796047052
h[42]=0.000001840363734517769191684379309039277810351
h[43]=-0.0000006670215479954892588747450458085225880097
h[44]=-0.0000001757461173209842779903676264971918635871
h[45]=0.0000001490660013535362170989340065033061951961
h[46]=-0.00000000826238731562655696596642924360098489965
h[47]=-0.00000001784138690875710077191713941441263246561
h[48]=0.000000005044047056383436444631252840057862002264
h[49]=0.000000000694454032894622695297670471867769752541
h[50]=-0.000000000607704124722901022476024530559630780383
h[51]=0.00000000008492220011056382105461206077240377024404
h[52]=0.0000000000186736726378339041896387914617545237694
h[53]=-0.000000000008365490471258800799349289794397908900767
h[54]=0.000000000001188850533405901520842321749021089497204
h[55]=-6.367772354714857335632692092267254266369e-14
