# db29 scaling coefficients
h[0]=0.00003318966279841524761813546359818075441349
h[1]=0.0006409516803044434540833706729120596322083
h[2]=0.005702126517773375434760843998623507494915
h[3]=0.03077358022140837676716707336516751814713
h[4]=0.1113701169517405304762186166370327770191
h[5]=0.2806534559709829376968881262770480606501
h[6]=0.4897588047621993143592705932993573539236
h[7]=0.5513744327583751951223746071670135992467
h[8]=0.2891052383358291634605691113586264061513
h[9]=-0.1540287344599000542466293779503370141731
h[10]=-0.3300409489175880520295083779487012611959
h[11]=-0.05570680007294085781514541931715795784309
h[12]=0.2361052361530259415983110734054626770649
h[13]=0.1124191748731883764769740670535880543077
h[14]=-0.1608779885941877360771615465531852333085
h[15]=-0.1078459499387214201077881957354707913786
h[16]=0.1144722958938182579734135930060053286268
h[17]=0.08322074716244975790297348835032537357892
h[18]=-0.08512549261563550232832311331420804581881
h[19]=-0.05502748952532572320924541450626650067707
h[20]=0.06347916458421186633577789314698972361082
h[21]=0.03053154327270413646637328212093941030592
h[22]=-0.0451879812777883451597970447530440569139
h[23]=-0.01291714255426679462966473962555410660388
h[24]=0.02947043187174764111028122319949903667639
h[25]=0.002648327307678167915542397563479749119674
h[26]=-0.017041224573606689692341967434076151791
h[27]=0.001737880332720511164430027824345354801611
h[28]=0.008469725493560752287772961661104710791306
h[29]=-0.002550807127789472659145072247724735637184
h[30]=-0.003473798989681100630649790255076233970958
h[31]=0.001877120925723650133179338154344873477231
h[32]=0.001087053942226062966738944397844498417946
h[33]=-0.001000778327085680541055696707760062870926
h[34]=-0.0002000711363076779808296301110796026470163
h[35]=0.0004111283454742767033424740543004041500055
h[36]=-0.00002292018041214499897382298271438084577065
h[37]=-0.000129304484008072060916146693967822685244
h[38]=0.00003645026068562774967665464216602750761691
h[39]=0.00002913344750169041218495787251929571015775
h[40]=-0.00001657328395306616289863396387854880512977
h[41]=-0.000003593644804025187638066915189731950450035
h[42]=0.000004750609246452552850197117564759363194954
h[43]=-0.0000003029054592052818286474228294307141792054
h[44]=-0.0000008975701750636280734511651941681818767895
h[45]=0.0000002633898386997696553900967704111473475368
h[46]=0.00000009387197411095863026484410601284876812293
h[47]=-0.00000006286156922010786166768503252870590953167
h[48]=0.000000001076591906619196137385201975028785139608
h[49]=0.000000007768978854770062238895964639391324551612
h[50]=-0.000000001893995386171984147774611076618946011337
h[51]=-0.000000000342680086326308900181101227888986420055
h[52]=0.0000000002407099453509342962399811991929330725187
h[53]=-0.00000000002940589250764532582888473974638273664245
h[54]=-0.000000000007832509733627817032356556582819494794884
h[55]=0.000000000003152762413370310423797539876893861621418
h[56]=-4.285654870068344101898185073376307686875e-13
h[57]=2.219191311588302960934661700068023727738e-14
