# db30 scaling coefficients
h[0]=0.00002338616172731421471474407279894891960012
h[1]=0.0004666379504285509336662000111055365140849
h[2]=0.004300797165048069510045016757402827408493
h[3]=0.02413083267158837895194919987958311943977
h[4]=0.09123830406701570679321575555085899708565
h[5]=0.2420206709402140994467599658342919512318
h[6]=0.4504878218533178366981351802898336415315
h[7]=0.5575722329128364304078082520999850413493
h[8]=0.3662426833716279793144871151369089533016
h[9]=-0.06618367077593731501909741041813726474911
h[10]=-0.3329669750208556069196849320598850505877
h[11]=-0.1419685133300829310219026267403758254954
h[12]=0.1994621215806643032428990062111230223523
h[13]=0.177829873244836736128025092133042504626
h[14]=-0.1145582194327077814891518778613672243405
h[15]=-0.1572368179599938126878197378886501553252
h[16]=0.07277865897036442699893544326605244235249
h[17]=0.1227477460450093778691578797698150091624
h[18]=-0.05380646545825707676022015051837304300339
h[19]=-0.08765869003638366048026572053699028353847
h[20]=0.04380166467141773250305407710250135373017
h[21]=0.05671236574473569492590636983030617493807
h[22]=-0.03567339749675960965780819743176056734137
h[23]=-0.03226375891935220815954913483392725682166
h[24]=0.02707861959529418272206848318420006522974
h[25]=0.01528796076985739546052896626042375110302
h[26]=-0.01839974386811734118728169880549148389604
h[27]=-0.005296859666131086629169938675330494864054
h[28]=0.01091563165830488927536881480211929049887
h[29]=0.0006196717564977244383592534999284255315695
h[30]=-0.005530730148192003288871383856487027893919
h[31]=0.0008433845866620933982126003584365932145598
h[32]=0.002324520094060099304385756339638431339131
h[33]=-0.0008609276968110423879660725173525347077801
h[34]=-0.0007678782504380918697963922441514742758517
h[35]=0.000505094823903346779625654455408655436797
h[36]=0.0001724825842351709725545759714374272164368
h[37]=-0.0002161718301169633804271038862087964094429
h[38]=-0.000008548305467584070994787824796256108217988
h[39]=0.00006982008370808327851082027193100914402222
h[40]=-0.00001339716863293971629296314599448901465079
h[41]=-0.00001636152478725426488654528710478856195005
h[42]=0.000007252145535890469015723401169934327900623
h[43]=0.000002327549098493686509557358103785598216689
h[44]=-0.000002187267676996166416699555236143059249833
h[45]=0.00000001099474338526203304286307383463498542376
h[46]=0.0000004261662326011572446469849114416378817419
h[47]=-0.0000001000414682354500898864979332965559934105
h[48]=-0.00000004764379965139453357729154748688006975562
h[49]=0.00000002605442754977625431940885841950955928085
h[50]=0.0000000005553397861397053982967618072672572206491
h[51]=-0.000000003331105680467578245901976412732595596539
h[52]=0.000000000698486269183218258422109666557031361128
h[53]=0.0000000001613622978270904360610418704685783656906
h[54]=-0.00000000009461387997276802120884525814092001871994
h[55]=0.00000000001000105131393171192746337860330428369495
h[56]=0.000000000003239428638532286114355931428908079297696
h[57]=-0.000000000001185237592101582328254231496310584611949
h[58]=1.54399757084762004600361641764698878067e-13
h[59]=-7.737942630954405708679963277418806436871e-15
