# db30 scaling coefficients
h[0]=2.338616172731421471474407279894891960012e-5
h[1]=4.666379504285509336662000111055365140849e-4
h[2]=4.300797165048069510045016757402827408493e-3
h[3]=2.413083267158837895194919987958311943977e-2
h[4]=9.123830406701570679321575555085899708565e-2
h[5]=2.420206709402140994467599658342919512318e-1
h[6]=4.504878218533178366981351802898336415315e-1
h[7]=5.575722329128364304078082520999850413493e-1
h[8]=3.662426833716279793144871151369089533016e-1
h[9]=-6.618367077593731501909741041813726474911e-2
h[10]=-3.329669750208556069196849320598850505877e-1
h[11]=-1.419685133300829310219026267403758254954e-1
h[12]=1.994621215806643032428990062111230223523e-1
h[13]=1.77829873244836736128025092133042504626e-1
h[14]=-1.145582194327077814891518778613672243405e-1
h[15]=-1.572368179599938126878197378886501553252e-1
h[16]=7.277865897036442699893544326605244235249e-2
h[17]=1.227477460450093778691578797698150091624e-1
h[18]=-5.380646545825707676022015051837304300339e-2
h[19]=-8.765869003638366048026572053699028353847e-2
h[20]=4.380166467141773250305407710250135373017e-2
h[21]=5.671236574473569492590636983030617493807e-2
h[22]=-3.567339749675960965780819743176056734137e-2
h[23]=-3.226375891935220815954913483392725682166e-2
h[24]=2.707861959529418272206848318420006522974e-2
h[25]=1.528796076985739546052896626042375110302e-2
h[26]=-1.839974386811734118728169880549148389604e-2
h[27]=-5.296859666131086629169938675330494864054e-3
h[28]=1.091563165830488927536881480211929049887e-2
h[29]=6.196717564977244383592534999284255315695e-4
h[30]=-5.530730148192003288871383856487027893919e-3
h[31]=8.433845866620933982126003584365932145598e-4
h[32]=2.324520094060099304385756339638431339131e-3
h[33]=-8.609276968110423879660725173525347077801e-4
h[34]=-7.678782504380918697963922441514742758517e-4
h[35]=5.05094823903346779625654455408655436797e-4
h[36]=1.724825842351709725545759714374272164368e-4
h[37]=-2.161718301169633804271038862087964094429e-4
h[38]=-8.548305467584070994787824796256108217988e-6
h[39]=6.982008370808327851082027193100914402222e-5
h[40]=-1.339716863293971629296314599448901465079e-5
h[41]=-1.636152478725426488654528710478856195005e-5
h[42]=7.252145535890469015723401169934327900623e-6
h[43]=2.327549098493686509557358103785598216689e-6
h[44]=-2.187267676996166416699555236143059249833e-6
h[45]=1.099474338526203304286307383463498542376e-8
h[46]=4.261662326011572446469849114416378817419e-7
h[47]=-1.000414682354500898864979332965559934105e-7
h[48]=-4.764379965139453357729154748688006975562e-8
h[49]=2.605442754977625431940885841950955928085e-8
h[50]=5.553397861397053982967618072672572206491e-10
h[51]=-3.331105680467578245901976412732595596539e-9
h[52]=6.98486269183218258422109666557031361128e-10
h[53]=1.613622978270904360610418704685783656906e-10
h[54]=-9.461387997276802120884525814092001871994e-11
h[55]=1.000105131393171192746337860330428369495e-11
h[56]=3.239428638532286114355931428908079297696e-12
h[57]=-1.185237592101582328254231496310584611949e-12
h[58]=1.54399757084762004600361641764698878067e-13
h[59]=-7.737942630954405708679963277418806436871e-15
