# db31 scaling coefficients
h[0]=0.00001648013386456140748122177817418358316441
h[1]=0.0003394122037769956699157160165352942212214
h[2]=0.003236884068627721221829662672296912258338
h[3]=0.01885369161298591269159568944275763469
h[4]=0.07433609301164788697908776495388047669379
h[5]=0.207012874485235328619805544411191645062
h[6]=0.4091922000374278563928213235836188963704
h[7]=0.5511398409142754983590484577074663132075
h[8]=0.4294688082061372955430413148799008354573
h[9]=0.02716921249736946422305354732634261873402
h[10]=-0.3109551183195075186926560285811004715399
h[11]=-0.217978485523563352169354450722010563164
h[12]=0.1401782887652732681656253206993073895423
h[13]=0.2249667114737370933697297905066886078307
h[14]=-0.04992634916046823977000579399730138693075
h[15]=-0.1869623608957154494374577196258383009209
h[16]=0.01543698842948893409652995335281236231845
h[17]=0.1450895009319931981518942907854879059129
h[18]=-0.008139832273469236863527708715566588550007
h[19]=-0.107612773323495632666860551164801395238
h[20]=0.01094129745236496925725237900637802669505
h[21]=0.07535361174328140695528289751109133941377
h[22]=-0.01488002661810482202699555987503429289101
h[23]=-0.04861907546485433003537603385831190109391
h[24]=0.01615417156598591113619453864586701665636
h[25]=0.02804761936675616906861927211659154977049
h[26]=-0.01427627527776351943309800140756746087215
h[27]=-0.01390055293926652880755898888934447671732
h[28]=0.01051763948737184089128633441244991643331
h[29]=0.005516163573310992566561289762241160214477
h[30]=-0.00652085237587461255332546968262853007921
h[31]=-0.001428264223218909891400516038687842292177
h[32]=0.003393066776715931928419358796960612411097
h[33]=-0.00006397901106014600492881202314307290077993
h[34]=-0.001459041741985160943114515221598080223845
h[35]=0.0003431398296904734438118401084929505912208
h[36]=0.0004998816175637222614896912406679513231967
h[37]=-0.0002396583469402949615285646688069476140261
h[38]=-0.000124341161725022866940917980738339919988
h[39]=0.0001089584350416766882738651833752634206358
h[40]=0.00001501335727444532997071651937630983442758
h[41]=-0.00003631255157860086164261313773172162991107
h[42]=0.000004034520235184278839752741499546098778994
h[43]=0.000008795301342692987765440618030678349427367
h[44]=-0.000003035142365891509630069007852947057220761
h[45]=-0.000001369060230942940782050489751987123955074
h[46]=0.0000009810015422044371573950976088058064384946
h[47]=0.00000005327250656974915426977440959783080593776
h[48]=-0.0000001975925129170206248152121156696590501304
h[49]=0.0000000361682651733100480524756721840579859133
h[50]=0.00000002328309713821409644308538888589329921142
h[51]=-0.00000001061529602150252306500404266150823962403
h[52]=-0.0000000006474311687959861398702581539341954438748
h[53]=0.000000001408568151025177427076547804944585301332
h[54]=-0.0000000002524043954153353306183643702933218308618
h[55]=-0.00000000007348930032486263904766913919653624379586
h[56]=0.00000000003692108808871129411604189196259677640441
h[57]=-0.000000000003327008967125979929910636246337150851642
h[58]=-0.000000000001324334917243963163878274345609465717294
h[59]=4.445467096291932163298411852093011459626e-13
h[60]=-5.559442050579014337641375730083534521514e-14
h[61]=2.699382879762665647295493928801387173921e-15
