# db32 scaling coefficients
h[0]=0.00001161463302135014885567464100760659332951
h[1]=0.000246656690638090335273910421127466713447
h[2]=0.002431261919572266100780423071905958127812
h[3]=0.01468104638141913563547809006402194831108
h[4]=0.06025749912033537081745451975527967031852
h[5]=0.1757507836394388988189299915753348505208
h[6]=0.3675096285973496361995340339143234125206
h[7]=0.534317919340953832290111785855218642553
h[8]=0.4778091637339484033555130814414794130354
h[9]=0.1206305382656178269538098710665261299392
h[10]=-0.2666981814766755535489784087869865024227
h[11]=-0.2774215815584272153338153320303401666681
h[12]=0.06471335480551623831000090095167664918449
h[13]=0.2483106423568801736064852157222867588792
h[14]=0.02466244483969740441701479334808723214803
h[15]=-0.1921023447085468984341365278247990525863
h[16]=-0.04899511718467173853355943225576377418394
h[17]=0.1452320794752866460838830744051944832327
h[18]=0.04440490819993974022640619534046603571087
h[19]=-0.1094561131160893831027722774343269232755
h[20]=-0.02962787250844770491204452379051215505049
h[21]=0.08087414063848395744090831590426327690819
h[22]=0.01410615151610660772869738802931740150275
h[23]=-0.05692631406247843550478416271158537960555
h[24]=-0.002380264464932573834443178362086503847328
h[25]=0.03705145792354468010437633458013030898015
h[26]=-0.004145907660827218781460700428862611061267
h[27]=-0.02166282283639119347634778516947485598599
h[28]=0.006167527310685675112579059689520105004744
h[29]=0.01101740071540688116532806119564345712473
h[30]=-0.0054115682572757912085815024107523830506
h[31]=-0.004649216751184411528658094984504900172989
h[32]=0.003627224640687864960122122984391704782344
h[33]=0.001468955100468467772528811782840480639167
h[34]=-0.001964740555821778254183647540656746450093
h[35]=-0.0002211678729579097916278097586914956834197
h[36]=0.0008673058518450555343925662389563539890597
h[37]=-0.0001024537310607396186949656796812972062291
h[38]=-0.0003059654423826911750479261161552574500739
h[39]=0.0001053915461739828114700905192091104141076
h[40]=0.00008103678329134838389828091896334156224228
h[41]=-0.00005259809282684322782648914338377962890246
h[42]=-0.00001294045779405512723950480259110995722517
h[43]=0.00001824268401980691220603850117995712615809
h[44]=-0.0000006361781532260254953363913076575914206506
h[45]=-0.000004558309576264423135123964145585288808181
h[46]=0.000001202889036321620990296134494079846952404
h[47]=0.0000007560047625595947819392627283726711361273
h[48]=-0.0000004285970693151457255418342315045357407199
h[49]=-0.00000005003361868748230293692887222336390314786
h[50]=0.00000008965966311957728376981484572655177545054
h[51]=-0.00000001219924359483373093110396748985081720384
h[52]=-0.00000001104383021722648979552131128575075255513
h[53]=0.000000004250422311980592983740943309197245384992
h[54]=0.0000000004384387799940474369553236949848427579687
h[55]=-0.0000000005881091462634605628881794361152305108432
h[56]=0.00000000008904723796221605490455387579189371137903
h[57]=0.00000000003263270741332907875981844980104948375956
h[58]=-0.00000000001430918765169202320188022211739750594609
h[59]=0.000000000001075610653501062115165734990153347111903
h[60]=5.361482229611801638107331379599434078296e-13
h[61]=-1.663800489433402369889818192962259823989e-13
h[62]=2.000715303810524954375796020597627467105e-14
h[63]=-9.421019139535078421314655362291088223782e-16
