# db33 scaling coefficients
h[0]=0.000008186358314175091939858945975190102731734
h[1]=0.0001791016153702791479424389068736094134247
h[2]=0.001822709435164084208084617771787691709256
h[3]=0.01139594337458160925830840619716397130446
h[4]=0.04861466653171619508385707681587366397165
h[5]=0.1481863131800528081784673514426737436793
h[6]=0.3267181301177075783930752787756046348844
h[7]=0.5093761725149396552227892926384090200953
h[8]=0.511254770583267465542583187556845397337
h[9]=0.2095823507130554216526494469993023406453
h[10]=-0.2042026223985421049629055102642279430174
h[11]=-0.3159974107665602561905181464284910961863
h[12]=-0.01927833943695275915600583425408664108894
h[13]=0.2454206121192791114179964351253140999837
h[14]=0.09985155868033815698139640215477639365289
h[15]=-0.1714280990518593279308738113273443832546
h[16]=-0.110844133116710791080608498305678319419
h[17]=0.1219678564037346149389134584371009777592
h[18]=0.09478808805061595889263191779090571160237
h[19]=-0.09114696835133148913093153757138373418923
h[20]=-0.07030248505405615921453280814171665167172
h[21]=0.07019114394099653254998935842432841393916
h[22]=0.04573456189389667743139040427641638967843
h[23]=-0.0534712513358222891943111082466316858326
h[24]=-0.02524858297747649929258392207837724793938
h[25]=0.03868706076024496481748675031852528047303
h[26]=0.01070326582001954942654534968137727769698
h[27]=-0.02572876175473297336123211392278301875688
h[28]=-0.002167758617353607324783298657172830203896
h[29]=0.01531695411585766548347442266431874060229
h[30]=-0.00159428878241460476863785644611139272406
h[31]=-0.007953540387057939240459305406538116220678
h[32]=0.002389062408165908575935815973439728988152
h[33]=0.003480800953405711999411461002429227385938
h[34]=-0.001860718214455795912074482150710567824317
h[35]=-0.001204309257604658876916644980097327372892
h[36]=0.001074380696351291355073899234941719080474
h[37]=0.0002727305847336937211749282358350196461734
h[38]=-0.0004908329007590351474487792254066540683725
h[39]=0.000004393166251766185755059005296958129844094
h[40]=0.0001780431898251245351831728023200069586929
h[41]=-0.00004160438516273709306234368807933932360568
h[42]=-0.0000492956442341730183431023148262157412741
h[43]=0.00002423335398816890365621188379922041046074
h[44]=0.000009070805757828453800203677464921508178468
h[45]=-0.000008866121366757736169176034432364298134187
h[46]=-0.0000003607516102879771631230351118595069330196
h[47]=0.000002288371276141527305481395545993763010566
h[48]=-0.0000004426923407952870147984002129341809185623
h[49]=-0.0000003985791291985944076942626511739220753169
h[50]=0.0000001822443332571053437467128998002798233969
h[51]=0.00000003377972703730854377516206663481869099376
h[52]=-0.00000003987838198518880722819502850814936369197
h[53]=0.000000003672863576838181340505563759379169099718
h[54]=0.000000005111211857347453839549366593998758891131
h[55]=-0.000000001671392677251932495173219614104411841892
h[56]=-0.0000000002496402105246193648073519269370197331176
h[57]=0.0000000002426833102305682309891302883361232297664
h[58]=-0.00000000003049574453945863430361296931455141500128
h[59]=-0.00000000001420236859889936792437077844940412749343
h[60]=0.000000000005509414720765524548752673631197714447819
h[61]=-3.343481218953278765982532722689984725171e-13
h[62]=-2.152488386833302618520603545685994753329e-13
h[63]=6.214740247174398315576214699577230693021e-14
h[64]=-7.196510545363322414033654470779070592317e-15
h[65]=3.289373678416306368625564108782095644036e-16
