# db34 scaling coefficients
h[0]=0.000005770510632730285627466067796809329117325
h[1]=0.0001299476200679530037833484815390569400369
h[2]=0.001364061390059049998200014449396877439592
h[3]=0.008819889403884978803182764563095879335331
h[4]=0.03904884135178594138905026219591569204044
h[5]=0.1241524821113768081954449898210969172708
h[6]=0.2877650592337145629334256618087718872559
h[7]=0.4784787462793710621468610706120519466268
h[8]=0.5305550996564631773133260223990794445606
h[9]=0.2903663295072749510455945186199530115756
h[10]=-0.1282468421744371672912377747048558427613
h[11]=-0.3315253015083869417715548463087537345036
h[12]=-0.1038919155156404718287260506925867970596
h[13]=0.2169072201874275950610018667099322465619
h[14]=0.1666017504122074437311574334509261366683
h[15]=-0.1273373582238011562843862636988693890109
h[16]=-0.1609249271778668063014799490429649196615
h[17]=0.07799184693794810738265349531832015087097
h[18]=0.1341259602711361284802399913977387999358
h[19]=-0.05448296806413904636632671383140642554266
h[20]=-0.1029475969928140852342073823689090498245
h[21]=0.04357609464963129726428486610925800727138
h[22]=0.07318523543679560555546221335452045680758
h[23]=-0.0370128384178624496035640212555419004075
h[24]=-0.0474385596452777624722068141098385137789
h[25]=0.03073974657395934459931226513844134346306
h[26]=0.02722835075635419610095839895805858855203
h[27]=-0.02367173792282636485046786438094940427456
h[28]=-0.01314398001665716086105827506126287041343
h[29]=0.01640937419986519252112261495537409592363
h[30]=0.004713649260999809905918876125437488856236
h[31]=-0.01004550670836151917439146861146431000365
h[32]=-0.0006194748845153872839014356621835501857322
h[33]=0.005334950768759936032170270195983921511566
h[34]=-0.0007692127975067836975989490900561029844887
h[35]=-0.002399453943537055863933124827688081952702
h[36]=0.0008589959874363661955444898475746536583498
h[37]=0.000875199906407868873261057005522433973376
h[38]=-0.0005527355762144197975516415296735124460551
h[39]=-0.0002326732140233531635428863212833942245597
h[40]=0.0002650772397558057819755811309071002543822
h[41]=0.00002660050018453441903046828468025589086403
h[42]=-0.00009914697770780134603580350758869378471803
h[43]=0.00001353117227249649581251887376414486225127
h[44]=0.00002844951419697807376503080001943765930601
h[45]=-0.00001057657494257950623848316304755218120233
h[46]=-0.000005710826510998303938275050074333400305512
h[47]=0.000004169871758547028398316761659984928804362
h[48]=0.0000004979718101421307748081857636471761057429
h[49]=-0.000001116306534817008428597995070751765080383
h[50]=0.0000001448195708333185127061180618150009526759
h[51]=0.0000002025990666667859216690536885693725545345
h[52]=-0.00000007526701740412589411177481797841044281663
h[53]=-0.00000001990346501531736915866180448337614967571
h[54]=0.00000001740423332936068076497051274445147160191
h[55]=-0.0000000008665744261368722215864741166245385888819
h[56]=-0.000000002316501946995482751582294240136010067415
h[57]=0.0000000006446378210323402313101214894500231181607
h[58]=0.0000000001300410318609415248880403259300467720631
h[59]=-0.00000000009904774537632409015479530333979124540183
h[60]=0.00000000001004208735461769864836516428998306778031
h[61]=0.000000000006080125354000167254059025929915591291116
h[62]=-0.000000000002107879108915301546285370395443778864676
h[63]=9.799451158211597727901178520526388692141e-14
h[64]=8.579194051799733179793112298652600511487e-14
h[65]=-2.317083703906408481078257081903089523234e-14
h[66]=2.587338381935699555813538163144986688834e-15
h[67]=-1.148944754480590128244815794312606245148e-16
