# db35 scaling coefficients
h[0]=0.000004067934061148559026665247110206084571051
h[1]=0.00009421469475576740631603027533116630224451
h[2]=0.001019122680375098109319314672751485080203
h[3]=0.006807292884319132011971333979015625113494
h[4]=0.03123628851149071453063391210769353068187
h[5]=0.1034044558614783789938787754929279183986
h[6]=0.2513073789944933128513251971488905042867
h[7]=0.4435927392240354378183910489448494594782
h[8]=0.537008427509166102867069023171697454758
h[9]=0.3603456405180473278744458573988718422538
h[10]=-0.043883881873934041113434793940972243121
h[11]=-0.3238228649121161212147302807993176715625
h[12]=-0.1817869767667278325788350264528191676841
h[13]=0.1660413574907809195438433327470947940538
h[14]=0.2172992893210892977675493456199559114036
h[15]=-0.06526287131067753892154895911331108284007
h[16]=-0.1919195892985939528760786800798636198516
h[17]=0.01930954466601835091947734585938109944647
h[18]=0.1552924803962371144206753760712566993987
h[19]=-0.004752680834111350445288110998030979143711
h[20]=-0.1205855226433935545076589480704957722635
h[21]=0.004734229172641948763293980314992213293972
h[22]=0.08991354757072954417865374195261962983644
h[23]=-0.009318558949903924837875002823617504227247
h[24]=-0.06335603744044346612098887534020545705732
h[25]=0.01322854958503655524455929847605110719649
h[26]=0.04125469306470509212749750814299126656152
h[27]=-0.01436683978422007182104025173214012797789
h[28]=-0.02416949780166026740294880681731084091265
h[29]=0.01276645671565674419403918018742432714974
h[30]=0.01228943600811871086161967625814297050611
h[31]=-0.009577797899235709998147309703713518608283
h[32]=-0.005085991649233429881797636583578921194675
h[33]=0.006137754586740521089596801883631921221146
h[34]=0.001428088794070762107355585870669842132609
h[35]=-0.003357644380922383229567732565298665639037
h[36]=0.000007615969435172736546769649923895317451535
h[37]=0.001549637469702362975561719246539787717204
h[38]=-0.0003346692164250854961608526121524596908041
h[39]=-0.0005864810318991817532175809224131456738367
h[40]=0.0002648328819961289039302810122699710966049
h[41]=0.0001700012283661249043584690194716767771204
h[42]=-0.0001365883072261161602559926714744746422568
h[43]=-0.00002976995962848509743944225866488519668585
h[44]=0.00005304143122913310222538317980686374696006
h[45]=-0.000002437001526827789860990429478540556752694
h[46]=-0.00001572442077270281693663288966405861215693
h[47]=0.000004308047861716731191350493437937513220737
h[48]=0.000003353345862871309889390877168046133657377
h[49]=-0.000001895929617693153288493891051875444439753
h[50]=-0.0000003903931733287306166657519468494511920761
h[51]=0.000000530236861690476091707435263391574325077
h[52]=-0.00000003700308378205124537986402644918879149894
h[53]=-0.00000009990396944534900755781728477561240762191
h[54]=0.00000003008188650719066928230268918661718274505
h[55]=0.00000001084902733789934825266560240100449884703
h[56]=-0.000000007458116552893037631192407611262788593506
h[57]=0.00000000005897951310384361575470355861162022501172
h[58]=0.000000001030823345485433383811700481488557422005
h[59]=-0.0000000002433545573751672936168877250405940817227
h[60]=-0.00000000006407938256501889018430608323235974406219
h[61]=0.00000000004000536627253744510742788201354093006472
h[62]=-0.000000000003125639357108557540598098228678150768528
h[63]=-0.000000000002567065476155081449204643852428401530284
h[64]=8.015088533687900921948605418789324826116e-13
h[65]=-2.597954328893848084315198205094389145707e-14
h[66]=-3.39772085679626743195678382565906959694e-14
h[67]=8.624037434720089202680337663692777682811e-15
h[68]=-9.298012529324185420921555664719863501848e-16
h[69]=4.014628712333488654318569164614220308046e-17
