# db36 scaling coefficients
h[0]=0.000002867925182755946334630479473029238615536
h[1]=0.0000682602867854635869174862910220960536224
h[2]=0.0007602151099668488285869792677106082100141
h[3]=0.005240297377409884366201603524392995696042
h[4]=0.02489056564482796484885927333959115579403
h[5]=0.08565209259526409083864716995521111486438
h[6]=0.2177569530979008149637945915719999746249
h[7]=0.4064336977082553467407793990250384445903
h[8]=0.5322668952607286914777444748641462027214
h[9]=0.4178753356009697863620634559374236455222
h[10]=0.04397519752934862993862182898358763783111
h[11]=-0.2944210395891145711100715969898758940722
h[12]=-0.2468070369781255270524798278622698446567
h[13]=0.09811420416311477050518401371401568038943
h[14]=0.2465372776089742110529709111809595434656
h[15]=0.007278515095792229009687682299460382878643
h[16]=-0.1993372056086496198603363400094784142714
h[17]=-0.04586140074639271639145126228774831743003
h[18]=0.1541062366276428841776316300420654875884
h[19]=0.05027618007353842862036816972809884096762
h[20]=-0.1188037543101356316801816931383547446073
h[21]=-0.039880853575513175840916999679240440341
h[22]=0.09115678225801654406336059281306715151059
h[23]=0.02503872144956848989919484296709846860569
h[24]=-0.0682090166368175112488043634426553869058
h[25]=-0.01131910031681742794381808082173695022123
h[26]=0.04851308354780908538616267662315735632293
h[27]=0.001424972661765391603147802607378542396323
h[28]=-0.03198072067763969654470293513742344601173
h[29]=0.003984040198717004857397179486790082321314
h[30]=0.01906359478062535932877576164368198274858
h[31]=-0.005657813245058818380424016973516714570499
h[32]=-0.009990263473281372348001743806489172665466
h[33]=0.005022989106665829004699819220796538830394
h[34]=0.004413484835350575251918616780287775585471
h[35]=-0.003484541445404883311209541395428535732698
h[36]=-0.001503074066296643749549363655363411879858
h[37]=0.001990793771851737270404293245701878186601
h[38]=0.000277681279571202606815238420760514038349
h[39]=-0.0009463403823261101964604918059447913047725
h[40]=0.00008614565758992702032613879159402330909635
h[41]=0.000369350728496751050262004034188223668775
h[42]=-0.0001155118895843527096848376999413102395192
h[43]=-0.0001131899468084665671727391922924411467938
h[44]=0.00006694741196930590257104231749283786251556
h[45]=0.00002375106683660860777161950832380341362258
h[46]=-0.0000273139082465433791292234641472204540478
h[47]=-0.000001183471059985615942783182762352360917304
h[48]=0.000008372218198160788432628056043217491552199
h[49]=-0.000001586145782434577495502614631566211839723
h[50]=-0.000001870811602859180713762972281154953528056
h[51]=0.0000008311421279707778528163597405935375886855
h[52]=0.000000254842352255657783121851905284438747882
h[53]=-0.0000002455377658434232699135878286794578515387
h[54]=0.000000002753249073339512254085076456700241929493
h[55]=0.00000004799043465450992009934526867650497683546
h[56]=-0.00000001156093688817008406756913949175208452084
h[57]=-0.000000005612784343327791397474114357094368557982
h[58]=0.000000003138841695782424018351567952158415003571
h[59]=0.0000000001090815553713751810964713058800448676068
h[60]=-0.0000000004512545778563249634425200856088490195004
h[61]=0.00000000008962418203859611987065968320295929679775
h[62]=0.00000000003037429098112535221800013609576297196062
h[63]=-0.00000000001599716689261357143200396922409448515399
h[64]=8.87684628721737421352439968289556405595e-13
h[65]=0.00000000000107096935711401700242443347162119757906
h[66]=-3.02928502697487726889613458976947385467e-13
h[67]=5.542263182639804235231685861028995158694e-15
h[68]=1.338071386299105896025578761458472955295e-14
h[69]=-3.204628543401749860439316638848579711789e-15
h[70]=3.339971984818693213132578777712503670014e-16
h[71]=-1.403274175373190617489823209168013922564e-17
