# db37 scaling coefficients
h[0]=2.022060862498392121815038335333633351464e-6
h[1]=4.942343750628132004714286117434454499486e-5
h[2]=5.662418377066724013768394373249439163519e-4
h[3]=4.024140368257286770702140124893772447952e-3
h[4]=1.976228615387959153244055502205017461539e-2
h[5]=7.058482597718160832030361890793007659963e-2
h[6]=1.873263318620649448028843491747601576762e-1
h[7]=3.68440972400306140944583861696494113267e-1
h[8]=5.181670408556228873104519667534437205387e-1
h[9]=4.622075536616057145505448401528172070051e-1
h[10]=1.308789632330201726057701201017649601034e-1
h[11]=-2.461804297610834132869018581145720710365e-1
h[12]=-2.943759152626617722808219575932673733674e-1
h[13]=1.967150045235938977077768648740052380288e-2
h[14]=2.515232543602686933435224095078166291443e-1
h[15]=8.180602838721862339029076982652411696e-2
h[16]=-1.819622917786080007408824256525225216444e-1
h[17]=-1.084517138233017845554078812341876568515e-1
h[18]=1.299296469598537527842528895259188653121e-1
h[19]=1.01780296838814179747094822850586561748e-1
h[20]=-9.660754061668439030915405045955772715989e-2
h[21]=-8.233021190655740867404073660920379414988e-2
h[22]=7.504761994836017933579005072594245435072e-2
h[23]=5.956741087152995245435589042520108066877e-2
h[24]=-5.925681563265897095153806724965924334078e-2
h[25]=-3.825382947938424882011108885090442116803e-2
h[26]=4.580794415126833246633256156110381805848e-2
h[27]=2.097280059259754883313769469036393294461e-2
h[28]=-3.352358406410096994358662875913243067235e-2
h[29]=-8.833493890410232394064187990625563257107e-3
h[30]=2.261865154459947356571431658958802912061e-2
h[31]=1.690472383484423743663952859090705636513e-3
h[32]=-1.376398196289478433857985486097070339786e-2
h[33]=1.519305778833399218481261844599507408563e-3
h[34]=7.387757452855583640107787619408806919082e-3
h[35]=-2.24805318700382470612727682914716646687e-3
h[36]=-3.394523276408398601988475786247462646314e-3
h[37]=1.816871343801423525477184531347879515909e-3
h[38]=1.263934258117477182626760951047019242188e-3
h[39]=-1.11148486531863019725901823316292962831e-3
h[40]=-3.280788470880198419407186455190899535706e-4
h[41]=5.490532773373631230219769273898345809368e-4
h[42]=1.534439023195503211083338679106161291343e-5
h[43]=-2.208944032455493852493630802748509781675e-4
h[44]=4.336726125945695214852398433524024058217e-5
h[45]=7.055138782065465075838703109997365141906e-5
h[46]=-3.098662927619930052417611453170793938796e-5
h[47]=-1.639162496160583099236044020495877311073e-5
h[48]=1.354327718416781810683349121150634031344e-5
h[49]=1.8499450031155903907896830326473345166e-6
h[50]=-4.309941556597092389020622638271988877959e-6
h[51]=4.854731396996411681769911684430785681029e-7
h[52]=1.002121399297177629772998172241869405763e-6
h[53]=-3.494948603445727645895194867933547164628e-7
h[54]=-1.509885388671583553484927666148474078149e-7
h[55]=1.109031232216439389999036327867142640916e-7
h[56]=5.350657515461434290618742656970344024396e-9
h[57]=-2.252193836724805775389816424695618411835e-8
h[58]=4.224485706362419268050011630338101126996e-9
h[59]=2.793974465953982659829387370821677112005e-9
h[60]=-1.297205001469435139867686007585972538984e-9
h[61]=-1.031411129096974965677950646498153071723e-10
h[62]=1.94616489408231502130871455763627798008e-10
h[63]=-3.203398244123241367987902201268363088934e-11
h[64]=-1.398415715537641487959551682557483348662e-11
h[65]=6.334955440973913249611879065201632922101e-12
h[66]=-2.09636319423480054161477574275555571328e-13
h[67]=-4.421612409872105367333572734854401373202e-13
h[68]=1.13805283092143968252239520829542788473e-13
h[69]=-4.518889607463726394454509623712773172514e-16
h[70]=-5.243025691884205832260354503748325334302e-15
h[71]=1.189012387508252879928637969242590755034e-15
h[72]=-1.199280335852879554967035114674445327319e-16
h[73]=4.90661506493520369485769008742990119314e-18
