# db37 scaling coefficients
h[0]=0.000002022060862498392121815038335333633351464
h[1]=0.00004942343750628132004714286117434454499486
h[2]=0.0005662418377066724013768394373249439163519
h[3]=0.004024140368257286770702140124893772447952
h[4]=0.01976228615387959153244055502205017461539
h[5]=0.07058482597718160832030361890793007659963
h[6]=0.1873263318620649448028843491747601576762
h[7]=0.368440972400306140944583861696494113267
h[8]=0.5181670408556228873104519667534437205387
h[9]=0.4622075536616057145505448401528172070051
h[10]=0.1308789632330201726057701201017649601034
h[11]=-0.2461804297610834132869018581145720710365
h[12]=-0.2943759152626617722808219575932673733674
h[13]=0.01967150045235938977077768648740052380288
h[14]=0.2515232543602686933435224095078166291443
h[15]=0.08180602838721862339029076982652411696
h[16]=-0.1819622917786080007408824256525225216444
h[17]=-0.1084517138233017845554078812341876568515
h[18]=0.1299296469598537527842528895259188653121
h[19]=0.101780296838814179747094822850586561748
h[20]=-0.09660754061668439030915405045955772715989
h[21]=-0.08233021190655740867404073660920379414988
h[22]=0.07504761994836017933579005072594245435072
h[23]=0.05956741087152995245435589042520108066877
h[24]=-0.05925681563265897095153806724965924334078
h[25]=-0.03825382947938424882011108885090442116803
h[26]=0.04580794415126833246633256156110381805848
h[27]=0.02097280059259754883313769469036393294461
h[28]=-0.03352358406410096994358662875913243067235
h[29]=-0.008833493890410232394064187990625563257107
h[30]=0.02261865154459947356571431658958802912061
h[31]=0.001690472383484423743663952859090705636513
h[32]=-0.01376398196289478433857985486097070339786
h[33]=0.001519305778833399218481261844599507408563
h[34]=0.007387757452855583640107787619408806919082
h[35]=-0.00224805318700382470612727682914716646687
h[36]=-0.003394523276408398601988475786247462646314
h[37]=0.001816871343801423525477184531347879515909
h[38]=0.001263934258117477182626760951047019242188
h[39]=-0.00111148486531863019725901823316292962831
h[40]=-0.0003280788470880198419407186455190899535706
h[41]=0.0005490532773373631230219769273898345809368
h[42]=0.00001534439023195503211083338679106161291343
h[43]=-0.0002208944032455493852493630802748509781675
h[44]=0.00004336726125945695214852398433524024058217
h[45]=0.00007055138782065465075838703109997365141906
h[46]=-0.00003098662927619930052417611453170793938796
h[47]=-0.00001639162496160583099236044020495877311073
h[48]=0.00001354327718416781810683349121150634031344
h[49]=0.0000018499450031155903907896830326473345166
h[50]=-0.000004309941556597092389020622638271988877959
h[51]=0.0000004854731396996411681769911684430785681029
h[52]=0.000001002121399297177629772998172241869405763
h[53]=-0.0000003494948603445727645895194867933547164628
h[54]=-0.0000001509885388671583553484927666148474078149
h[55]=0.0000001109031232216439389999036327867142640916
h[56]=0.000000005350657515461434290618742656970344024396
h[57]=-0.00000002252193836724805775389816424695618411835
h[58]=0.000000004224485706362419268050011630338101126996
h[59]=0.000000002793974465953982659829387370821677112005
h[60]=-0.000000001297205001469435139867686007585972538984
h[61]=-0.0000000001031411129096974965677950646498153071723
h[62]=0.000000000194616489408231502130871455763627798008
h[63]=-0.00000000003203398244123241367987902201268363088934
h[64]=-0.00000000001398415715537641487959551682557483348662
h[65]=0.000000000006334955440973913249611879065201632922101
h[66]=-2.09636319423480054161477574275555571328e-13
h[67]=-4.421612409872105367333572734854401373202e-13
h[68]=1.13805283092143968252239520829542788473e-13
h[69]=-4.518889607463726394454509623712773172514e-16
h[70]=-5.243025691884205832260354503748325334302e-15
h[71]=1.189012387508252879928637969242590755034e-15
h[72]=-1.199280335852879554967035114674445327319e-16
h[73]=4.90661506493520369485769008742990119314e-18
